Slice,xc,yc,intdens,intsub,bgmedian,maxint,area,x,y,sqintdens,sqintsub,sqarea,threshold,animal,redFlag,useTracking
1,369.499,772.516,3697.000,1342.000,471.000,771.000,5.000,369.500,772.500,20985.000,4029.000,36.000,680,13,0,1
2,369.336,772.669,4611.000,1683.000,488.000,886.000,6.000,369.333,772.667,21900.000,4332.000,36.000,680,13,0,1
3,369.492,772.784,5170.000,1733.000,491.000,880.000,7.000,369.500,772.786,21975.000,4299.000,36.000,680,13,0,1
4,369.340,772.705,4613.000,1655.000,493.000,901.000,6.000,369.333,772.667,22225.000,4477.000,36.000,680,13,0,1
5,369.504,772.792,5347.000,1903.000,492.000,898.000,7.000,369.500,772.786,22174.000,4462.000,36.000,680,13,0,1
6,369.691,772.886,3807.000,1332.000,495.000,854.000,5.000,369.700,772.900,21977.000,4157.000,36.000,680,13,0,1
7,369.530,772.790,5254.000,1782.000,496.000,825.000,7.000,369.500,772.786,22009.000,4153.000,36.000,680,13,0,1
8,369.532,772.984,4637.000,1667.000,495.000,837.000,6.000,369.500,773.000,22161.000,4341.000,36.000,680,13,0,1
9,369.508,772.795,5242.000,1819.000,489.000,814.000,7.000,369.500,772.786,21871.000,4267.000,36.000,680,13,0,1
10,369.194,772.682,4538.000,1616.000,487.000,872.000,6.000,369.167,772.667,22119.000,4587.000,36.000,680,13,0,1
11,369.635,772.819,5225.000,1767.000,494.000,836.000,7.000,369.643,772.786,21971.000,4187.000,36.000,680,13,0,1
12,369.513,772.804,5363.000,1919.000,492.000,840.000,7.000,369.500,772.786,22335.000,4623.000,36.000,680,13,0,1
13,369.718,772.903,3773.000,1318.000,491.000,786.000,5.000,369.700,772.900,21758.000,4082.000,36.000,680,13,0,1
14,369.495,772.788,5332.000,1881.000,493.000,831.000,7.000,369.500,772.786,22389.000,4641.000,36.000,680,13,0,1
15,369.502,772.792,5324.000,1873.000,493.000,835.000,7.000,369.500,772.786,22262.000,4514.000,36.000,680,13,0,1
16,369.628,772.640,5944.000,2008.000,492.000,833.000,8.000,369.625,772.625,22102.000,4390.000,36.000,680,13,0,1
17,369.511,772.788,5284.000,1833.000,493.000,810.000,7.000,369.500,772.786,22352.000,4604.000,36.000,680,13,0,1
18,369.673,772.694,4629.000,1671.000,493.000,866.000,6.000,369.667,772.667,22105.000,4357.000,36.000,680,13,0,1
19,369.347,772.677,4519.000,1591.000,488.000,824.000,6.000,369.333,772.667,21947.000,4379.000,36.000,680,13,0,1
20,369.291,772.754,6019.000,2091.000,491.000,897.000,8.000,369.250,772.750,22275.000,4599.000,36.000,680,13,0,1
21,369.358,772.685,4575.000,1611.000,494.000,851.000,6.000,369.333,772.667,21905.000,4121.000,36.000,680,13,0,1
22,369.500,772.989,4585.000,1603.000,497.000,878.000,6.000,369.500,773.000,22329.000,4437.000,36.000,680,13,0,1
23,369.513,772.998,4731.000,1767.000,494.000,844.000,6.000,369.500,773.000,22249.000,4465.000,36.000,680,13,0,1
24,369.492,772.792,5344.000,1900.000,492.000,880.000,7.000,369.500,772.786,22262.000,4550.000,36.000,680,13,0,1
25,369.623,772.638,6102.000,2190.000,489.000,869.000,8.000,369.625,772.625,22101.000,4497.000,36.000,680,13,0,1
26,369.502,772.992,4695.000,1725.000,495.000,879.000,6.000,369.500,773.000,22102.000,4282.000,36.000,680,13,0,1
27,369.502,772.993,6025.000,2073.000,494.000,869.000,8.000,369.500,773.000,22347.000,4563.000,36.000,680,13,0,1
28,369.516,772.809,5401.000,1950.000,493.000,860.000,7.000,369.500,772.786,22288.000,4540.000,36.000,680,13,0,1
29,369.525,773.192,5371.000,1899.000,496.000,820.000,7.000,369.500,773.214,22355.000,4499.000,36.000,680,13,0,1
30,369.609,772.666,6066.000,2122.000,493.000,878.000,8.000,369.625,772.625,22343.000,4595.000,36.000,680,13,0,1
31,369.516,772.998,4635.000,1695.000,490.000,882.000,6.000,369.500,773.000,22455.000,4815.000,36.000,680,13,0,1
32,369.636,773.068,5234.000,1797.000,491.000,858.000,7.000,369.643,773.071,22232.000,4556.000,36.000,680,13,0,1
33,369.522,772.999,6012.000,2076.000,492.000,827.000,8.000,369.500,773.000,22094.000,4382.000,36.000,680,13,0,1
34,369.618,772.645,6017.000,2097.000,490.000,909.000,8.000,369.625,772.625,22350.000,4710.000,36.000,680,13,0,1
35,369.512,772.987,4729.000,1759.000,495.000,886.000,6.000,369.500,773.000,22317.000,4497.000,36.000,680,13,0,1
36,369.518,772.813,5322.000,1871.000,493.000,889.000,7.000,369.500,772.786,22151.000,4403.000,36.000,680,13,0,1
37,369.677,772.851,4576.000,1618.000,493.000,831.000,6.000,369.667,772.833,22264.000,4516.000,36.000,680,13,0,1
38,369.531,772.794,5379.000,1914.000,495.000,881.000,7.000,369.500,772.786,22398.000,4578.000,36.000,680,13,0,1
39,369.510,773.006,4677.000,1737.000,490.000,929.000,6.000,369.500,773.000,22172.000,4532.000,36.000,680,13,0,1
40,369.631,772.669,6198.000,2262.000,492.000,887.000,8.000,369.625,772.625,22254.000,4542.000,36.000,680,13,0,1
41,369.611,772.857,6939.000,2520.000,491.000,955.000,9.000,369.611,772.833,22496.000,4820.000,36.000,680,13,0,1
42,369.514,773.006,4717.000,1765.000,492.000,886.000,6.000,369.500,773.000,22478.000,4766.000,36.000,680,13,0,1
43,369.524,773.000,4710.000,1746.000,494.000,907.000,6.000,369.500,773.000,22253.000,4469.000,36.000,680,13,0,1
44,369.528,773.004,4728.000,1770.000,493.000,884.000,6.000,369.500,773.000,22378.000,4630.000,36.000,680,13,0,1
45,369.513,773.197,5359.000,1894.000,495.000,858.000,7.000,369.500,773.214,22246.000,4426.000,36.000,680,13,0,1
46,369.521,773.207,5396.000,1938.000,494.000,886.000,7.000,369.500,773.214,22332.000,4548.000,36.000,680,13,0,1
47,369.538,773.001,4769.000,1817.000,492.000,864.000,6.000,369.500,773.000,22295.000,4583.000,36.000,680,13,0,1
48,369.517,773.191,5386.000,1935.000,493.000,887.000,7.000,369.500,773.214,22450.000,4702.000,36.000,680,13,0,1
49,369.667,772.850,4487.000,1529.000,493.000,829.000,6.000,369.667,772.833,22022.000,4274.000,36.000,680,13,0,1
50,369.527,773.185,5467.000,2016.000,493.000,850.000,7.000,369.500,773.214,22518.000,4770.000,36.000,680,13,0,1
51,369.542,772.990,6155.000,2219.000,492.000,884.000,8.000,369.500,773.000,22321.000,4609.000,36.000,680,13,0,1
52,369.530,772.994,4644.000,1686.000,493.000,877.000,6.000,369.500,773.000,22236.000,4488.000,36.000,680,13,0,1
53,369.504,773.004,6172.000,2244.000,491.000,900.000,8.000,369.500,773.000,22443.000,4767.000,36.000,680,13,0,1
54,369.615,772.664,6188.000,2268.000,490.000,906.000,8.000,369.625,772.625,22376.000,4736.000,36.000,680,13,0,1
55,369.581,772.652,6496.000,2568.000,491.000,922.000,8.000,369.625,772.625,22967.000,5291.000,36.000,680,13,0,1
56,369.355,772.632,6314.000,2370.000,493.000,910.000,8.000,369.375,772.625,22845.000,5097.000,36.000,680,13,0,1
57,369.194,772.621,7101.000,2682.000,491.000,935.000,9.000,369.167,772.611,22710.000,5034.000,36.000,680,13,0,1
58,369.636,773.004,6019.000,2083.000,492.000,880.000,8.000,369.625,773.000,22228.000,4516.000,36.000,680,13,0,1
59,369.523,772.998,4737.000,1785.000,492.000,892.000,6.000,369.500,773.000,22630.000,4918.000,36.000,680,13,0,1
60,369.668,772.821,5361.000,1910.000,493.000,852.000,7.000,369.643,772.786,22469.000,4721.000,36.000,680,13,0,1
61,370.316,773.085,5400.000,1949.000,493.000,896.000,7.000,370.357,773.071,22458.000,4710.000,36.000,680,13,0,1
62,370.163,773.387,6819.000,2400.000,491.000,873.000,9.000,370.167,773.389,22385.000,4709.000,36.000,680,13,0,1
63,370.505,773.485,6882.000,2472.000,490.000,917.000,9.000,370.500,773.500,22633.000,4993.000,36.000,680,13,0,1
64,370.362,773.361,6099.000,2147.000,494.000,835.000,8.000,370.375,773.375,22423.000,4639.000,36.000,680,13,0,1
65,370.608,773.360,6047.000,2103.000,493.000,913.000,8.000,370.625,773.375,22469.000,4721.000,36.000,680,13,0,1
66,370.494,773.495,6875.000,2438.000,493.000,918.000,9.000,370.500,773.500,22611.000,4863.000,36.000,680,13,0,1
67,370.489,773.489,6703.000,2275.000,492.000,864.000,9.000,370.500,773.500,22494.000,4782.000,36.000,680,13,0,1
68,370.503,773.219,5591.000,2147.000,492.000,973.000,7.000,370.500,773.214,22610.000,4898.000,36.000,680,13,0,1
69,370.602,773.607,6094.000,2142.000,494.000,917.000,8.000,370.625,773.625,22418.000,4634.000,36.000,680,13,0,1
70,370.515,773.491,5567.000,2109.000,494.000,989.000,7.000,370.500,773.500,22750.000,4966.000,36.000,680,13,0,1
71,370.614,773.601,6159.000,2223.000,492.000,867.000,8.000,370.625,773.625,22738.000,5026.000,36.000,680,13,0,1
72,370.327,773.479,7533.000,2613.000,492.000,835.000,10.000,370.300,773.500,22633.000,4921.000,36.000,680,13,0,1
73,370.516,773.501,6969.000,2559.000,490.000,904.000,9.000,370.500,773.500,22663.000,5023.000,36.000,680,13,0,1
74,370.496,773.229,5487.000,2057.000,490.000,920.000,7.000,370.500,773.214,22529.000,4889.000,36.000,680,13,0,1
75,370.381,773.360,6119.000,2167.000,494.000,855.000,8.000,370.375,773.375,22517.000,4733.000,36.000,680,13,0,1
76,370.500,773.509,6755.000,2318.000,493.000,868.000,9.000,370.500,773.500,22418.000,4670.000,36.000,680,13,0,1
77,370.821,773.533,5506.000,2083.000,489.000,856.000,7.000,370.786,773.500,22469.000,4865.000,36.000,680,13,0,1
78,371.305,773.692,4683.000,1731.000,492.000,867.000,6.000,371.333,773.667,22420.000,4708.000,36.000,680,13,0,1
79,370.988,773.518,6204.000,2284.000,490.000,868.000,8.000,371.000,773.500,22683.000,5043.000,36.000,680,13,0,1
80,370.804,773.525,5512.000,2061.000,493.000,887.000,7.000,370.786,773.500,22678.000,4930.000,36.000,680,13,0,1
81,370.646,773.633,6181.000,2253.000,491.000,886.000,8.000,370.625,773.625,22550.000,4874.000,36.000,680,13,0,1
82,370.622,773.614,6186.000,2282.000,488.000,917.000,8.000,370.625,773.625,22642.000,5074.000,36.000,680,13,0,1
83,370.791,773.510,5400.000,1970.000,490.000,859.000,7.000,370.786,773.500,22609.000,4969.000,36.000,680,13,0,1
84,370.628,773.604,6284.000,2340.000,493.000,874.000,8.000,370.625,773.625,22523.000,4775.000,36.000,680,13,0,1
85,370.641,773.633,6065.000,2121.000,493.000,852.000,8.000,370.625,773.625,22481.000,4733.000,36.000,680,13,0,1
86,370.781,773.491,5389.000,1938.000,493.000,835.000,7.000,370.786,773.500,22562.000,4814.000,36.000,680,13,0,1
87,370.652,773.631,6142.000,2214.000,491.000,874.000,8.000,370.625,773.625,22497.000,4821.000,36.000,680,13,0,1
88,370.514,773.506,6792.000,2364.000,492.000,855.000,9.000,370.500,773.500,22366.000,4654.000,36.000,680,13,0,1
89,370.627,773.629,6102.000,2150.000,494.000,846.000,8.000,370.625,773.625,22327.000,4543.000,36.000,680,13,0,1
90,370.670,773.344,4726.000,1786.000,490.000,883.000,6.000,370.667,773.333,22520.000,4880.000,36.000,680,13,0,1
91,370.621,773.618,6074.000,2130.000,493.000,911.000,8.000,370.625,773.625,22445.000,4697.000,36.000,680,13,0,1
92,370.827,773.692,6842.000,2405.000,493.000,900.000,9.000,370.833,773.722,22729.000,4981.000,36.000,680,13,0,1
93,370.907,773.634,5426.000,1996.000,490.000,927.000,7.000,370.929,773.643,22735.000,5095.000,36.000,680,13,0,1
94,370.792,773.504,5262.000,1797.000,495.000,808.000,7.000,370.786,773.500,22229.000,4409.000,36.000,680,13,0,1
95,370.633,773.615,6244.000,2308.000,492.000,866.000,8.000,370.625,773.625,22622.000,4910.000,36.000,680,13,0,1
96,370.967,773.502,6338.000,2386.000,494.000,919.000,8.000,371.000,773.500,22869.000,5085.000,36.000,680,13,0,1
97,370.631,773.390,5981.000,2037.000,493.000,897.000,8.000,370.625,773.375,22334.000,4586.000,36.000,680,13,0,1
98,370.659,773.615,6256.000,2304.000,494.000,894.000,8.000,370.625,773.625,22475.000,4691.000,36.000,680,13,0,1
99,370.743,773.507,6105.000,2169.000,492.000,880.000,8.000,370.750,773.500,22643.000,4931.000,36.000,680,13,0,1
100,370.636,773.376,6156.000,2172.000,498.000,892.000,8.000,370.625,773.375,22485.000,4557.000,36.000,680,13,0,1
101,370.509,773.489,6971.000,2507.000,496.000,861.000,9.000,370.500,773.500,22668.000,4812.000,36.000,680,13,0,1
102,370.492,773.493,6904.000,2449.000,495.000,880.000,9.000,370.500,773.500,22679.000,4859.000,36.000,680,13,0,1
103,370.485,773.471,6828.000,2373.000,495.000,855.000,9.000,370.500,773.500,22550.000,4730.000,36.000,680,13,0,1
104,370.514,773.486,6646.000,2200.000,494.000,849.000,9.000,370.500,773.500,22350.000,4566.000,36.000,680,13,0,1
105,370.521,773.495,6810.000,2382.000,492.000,870.000,9.000,370.500,773.500,22567.000,4855.000,36.000,680,13,0,1
106,370.634,773.612,6083.000,2147.000,492.000,817.000,8.000,370.625,773.625,22552.000,4840.000,36.000,680,13,0,1
107,370.634,773.623,6026.000,2082.000,493.000,847.000,8.000,370.625,773.625,22378.000,4630.000,36.000,680,13,0,1
108,370.836,773.398,6804.000,2331.000,497.000,851.000,9.000,370.833,773.389,22514.000,4622.000,36.000,680,13,0,1
109,370.529,773.481,5373.000,1922.000,493.000,868.000,7.000,370.500,773.500,22281.000,4533.000,36.000,680,13,0,1
110,370.636,773.611,5981.000,2053.000,491.000,814.000,8.000,370.625,773.625,22414.000,4738.000,36.000,680,13,0,1
111,370.505,773.250,5397.000,1960.000,491.000,851.000,7.000,370.500,773.214,22513.000,4837.000,36.000,680,13,0,1
112,370.543,773.233,5397.000,1939.000,494.000,842.000,7.000,370.500,773.214,22409.000,4625.000,36.000,680,13,0,1
113,370.619,773.389,6030.000,2118.000,489.000,857.000,8.000,370.625,773.375,22297.000,4693.000,36.000,680,13,0,1
114,370.511,773.503,6652.000,2233.000,491.000,869.000,9.000,370.500,773.500,22199.000,4523.000,36.000,680,13,0,1
115,370.649,773.605,6158.000,2254.000,488.000,807.000,8.000,370.625,773.625,22576.000,5008.000,36.000,680,13,0,1
116,370.512,773.475,5344.000,1921.000,489.000,869.000,7.000,370.500,773.500,22475.000,4871.000,36.000,680,13,0,1
117,370.510,773.482,6872.000,2471.000,489.000,860.000,9.000,370.500,773.500,22769.000,5165.000,36.000,680,13,0,1
118,370.833,773.382,6831.000,2403.000,492.000,853.000,9.000,370.833,773.389,22529.000,4817.000,36.000,680,13,0,1
119,370.787,773.487,5464.000,2027.000,491.000,880.000,7.000,370.786,773.500,22559.000,4883.000,36.000,680,13,0,1
120,370.624,773.385,6026.000,2098.000,491.000,844.000,8.000,370.625,773.375,22430.000,4754.000,36.000,680,13,0,1
121,370.633,773.401,6043.000,2115.000,491.000,849.000,8.000,370.625,773.375,22663.000,4987.000,36.000,680,13,0,1
122,370.626,773.623,6020.000,2076.000,493.000,912.000,8.000,370.625,773.625,22526.000,4778.000,36.000,680,13,0,1
123,370.386,773.366,5941.000,2013.000,491.000,837.000,8.000,370.375,773.375,22589.000,4913.000,36.000,680,13,0,1
124,370.664,773.333,4609.000,1633.000,496.000,831.000,6.000,370.667,773.333,22179.000,4323.000,36.000,680,13,0,1
125,370.776,773.504,5322.000,1913.000,487.000,838.000,7.000,370.786,773.500,22396.000,4864.000,36.000,680,13,0,1
126,370.519,773.499,6916.000,2497.000,491.000,917.000,9.000,370.500,773.500,22589.000,4913.000,36.000,680,13,0,1
127,370.689,773.497,7511.000,2611.000,490.000,878.000,10.000,370.700,773.500,22748.000,5108.000,36.000,680,13,0,1
128,370.510,773.497,6829.000,2392.000,493.000,841.000,9.000,370.500,773.500,22625.000,4877.000,36.000,680,13,0,1
129,370.387,773.381,5948.000,2020.000,491.000,838.000,8.000,370.375,773.375,22207.000,4531.000,36.000,680,13,0,1
130,370.626,773.378,5942.000,2014.000,491.000,828.000,8.000,370.625,773.375,22627.000,4951.000,36.000,680,13,0,1
131,370.510,773.501,6797.000,2360.000,493.000,862.000,9.000,370.500,773.500,22470.000,4722.000,36.000,680,13,0,1
132,370.628,773.609,6017.000,2073.000,493.000,818.000,8.000,370.625,773.625,22398.000,4650.000,36.000,680,13,0,1
133,370.794,773.474,5246.000,1837.000,487.000,797.000,7.000,370.786,773.500,22449.000,4917.000,36.000,680,13,0,1
134,370.506,773.492,6648.000,2202.000,494.000,852.000,9.000,370.500,773.500,22497.000,4713.000,36.000,680,13,0,1
135,370.630,773.382,6038.000,2126.000,489.000,820.000,8.000,370.625,773.375,22375.000,4771.000,36.000,680,13,0,1
136,370.505,773.482,6666.000,2220.000,494.000,840.000,9.000,370.500,773.500,22336.000,4552.000,36.000,680,13,0,1
137,370.833,773.504,6801.000,2382.000,491.000,866.000,9.000,370.833,773.500,22613.000,4937.000,36.000,680,13,0,1
138,370.666,773.329,4820.000,1874.000,491.000,943.000,6.000,370.667,773.333,22611.000,4935.000,36.000,680,13,0,1
139,370.515,773.474,6715.000,2278.000,493.000,866.000,9.000,370.500,773.500,22695.000,4947.000,36.000,680,13,0,1
140,370.783,773.484,5375.000,1917.000,494.000,851.000,7.000,370.786,773.500,22387.000,4603.000,36.000,680,13,0,1
141,370.630,773.356,6147.000,2195.000,494.000,876.000,8.000,370.625,773.375,22578.000,4794.000,36.000,680,13,0,1
142,370.511,773.208,5311.000,1860.000,493.000,857.000,7.000,370.500,773.214,22449.000,4701.000,36.000,680,13,0,1
143,370.359,773.202,5459.000,2036.000,489.000,845.000,7.000,370.357,773.214,22508.000,4904.000,36.000,680,13,0,1
144,370.365,773.000,6215.000,2303.000,489.000,945.000,8.000,370.375,773.000,22652.000,5048.000,36.000,680,13,0,1
145,370.281,773.232,6281.000,2369.000,489.000,926.000,8.000,370.250,773.250,22707.000,5103.000,36.000,680,13,0,1
146,370.503,773.484,6780.000,2343.000,493.000,863.000,9.000,370.500,773.500,22376.000,4628.000,36.000,680,13,0,1
147,370.529,773.008,4715.000,1745.000,495.000,863.000,6.000,370.500,773.000,22556.000,4736.000,36.000,680,13,0,1
148,370.633,773.369,6092.000,2148.000,493.000,856.000,8.000,370.625,773.375,22612.000,4864.000,36.000,680,13,0,1
149,370.773,773.487,5392.000,1941.000,493.000,869.000,7.000,370.786,773.500,22622.000,4874.000,36.000,680,13,0,1
150,370.626,773.377,6176.000,2256.000,490.000,872.000,8.000,370.625,773.375,22645.000,5005.000,36.000,680,13,0,1
151,370.501,773.487,6605.000,2204.000,489.000,818.000,9.000,370.500,773.500,22273.000,4669.000,36.000,680,13,0,1
152,370.634,773.599,6073.000,2137.000,492.000,845.000,8.000,370.625,773.625,22409.000,4697.000,36.000,680,13,0,1
153,370.527,773.457,5417.000,1973.000,492.000,891.000,7.000,370.500,773.500,22528.000,4816.000,36.000,680,13,0,1
154,370.618,773.371,6140.000,2204.000,492.000,855.000,8.000,370.625,773.375,22579.000,4867.000,36.000,680,13,0,1
155,370.507,773.223,5394.000,1943.000,493.000,852.000,7.000,370.500,773.214,22164.000,4416.000,36.000,680,13,0,1
156,370.509,773.469,6760.000,2332.000,492.000,842.000,9.000,370.500,773.500,22637.000,4925.000,36.000,680,13,0,1
157,370.498,773.485,6884.000,2429.000,495.000,853.000,9.000,370.500,773.500,22806.000,4986.000,36.000,680,13,0,1
158,370.504,773.492,6756.000,2319.000,493.000,851.000,9.000,370.500,773.500,22447.000,4699.000,36.000,680,13,0,1
159,370.634,773.380,6147.000,2211.000,492.000,896.000,8.000,370.625,773.375,22595.000,4883.000,36.000,680,13,0,1
160,370.512,773.487,5352.000,1922.000,490.000,862.000,7.000,370.500,773.500,22309.000,4669.000,36.000,680,13,0,1
161,370.502,773.223,5363.000,1933.000,490.000,885.000,7.000,370.500,773.214,22433.000,4793.000,36.000,680,13,0,1
162,370.511,773.474,6705.000,2277.000,492.000,855.000,9.000,370.500,773.500,22575.000,4863.000,36.000,680,13,0,1
163,370.798,773.390,6828.000,2418.000,490.000,907.000,9.000,370.833,773.389,22696.000,5056.000,36.000,680,13,0,1
164,370.518,773.488,6879.000,2451.000,492.000,854.000,9.000,370.500,773.500,22837.000,5125.000,36.000,680,13,0,1
165,370.506,773.496,6877.000,2422.000,495.000,845.000,9.000,370.500,773.500,22752.000,4932.000,36.000,680,13,0,1
166,370.491,773.489,6958.000,2476.000,498.000,880.000,9.000,370.500,773.500,22824.000,4896.000,36.000,680,13,0,1
167,370.398,773.371,6040.000,2088.000,494.000,841.000,8.000,370.375,773.375,22280.000,4496.000,36.000,680,13,0,1
168,370.529,773.205,5507.000,2070.000,491.000,895.000,7.000,370.500,773.214,22559.000,4883.000,36.000,680,13,0,1
169,370.519,773.195,5535.000,2105.000,490.000,855.000,7.000,370.500,773.214,22460.000,4820.000,36.000,680,13,0,1
170,370.399,773.364,6074.000,2154.000,490.000,872.000,8.000,370.375,773.375,22612.000,4972.000,36.000,680,13,0,1
171,370.631,773.362,6206.000,2278.000,491.000,872.000,8.000,370.625,773.375,22625.000,4949.000,36.000,680,13,0,1
172,370.392,773.160,6663.000,2262.000,489.000,846.000,9.000,370.389,773.167,22476.000,4872.000,36.000,680,13,0,1
173,370.498,773.484,5297.000,1860.000,491.000,843.000,7.000,370.500,773.500,22194.000,4518.000,36.000,680,13,0,1
174,370.383,773.372,6029.000,2085.000,493.000,844.000,8.000,370.375,773.375,22428.000,4680.000,36.000,680,13,0,1
175,370.503,773.198,5452.000,1994.000,494.000,877.000,7.000,370.500,773.214,22423.000,4639.000,36.000,680,13,0,1
176,370.606,773.346,6205.000,2269.000,492.000,895.000,8.000,370.625,773.375,22781.000,5069.000,36.000,680,13,0,1
177,370.505,773.220,5478.000,2041.000,491.000,858.000,7.000,370.500,773.214,22688.000,5012.000,36.000,680,13,0,1
178,370.410,773.375,6128.000,2144.000,498.000,909.000,8.000,370.375,773.375,22552.000,4624.000,36.000,680,13,0,1
179,370.502,773.489,6887.000,2432.000,495.000,869.000,9.000,370.500,773.500,22703.000,4883.000,36.000,680,13,0,1
180,370.491,773.303,7438.000,2528.000,491.000,827.000,10.000,370.500,773.300,22579.000,4903.000,36.000,680,13,0,1
181,370.499,773.495,6647.000,2219.000,492.000,842.000,9.000,370.500,773.500,22379.000,4667.000,36.000,680,13,0,1
182,370.611,773.361,6085.000,2181.000,488.000,885.000,8.000,370.625,773.375,22505.000,4937.000,36.000,680,13,0,1
183,370.522,773.479,6808.000,2398.000,490.000,862.000,9.000,370.500,773.500,22400.000,4760.000,36.000,680,13,0,1
184,370.393,773.370,6204.000,2252.000,494.000,899.000,8.000,370.375,773.375,22783.000,4999.000,36.000,680,13,0,1
185,370.377,773.359,6083.000,2139.000,493.000,849.000,8.000,370.375,773.375,22581.000,4833.000,36.000,680,13,0,1
186,370.517,773.488,6762.000,2343.000,491.000,825.000,9.000,370.500,773.500,22568.000,4892.000,36.000,680,13,0,1
187,370.388,773.180,6803.000,2384.000,491.000,873.000,9.000,370.389,773.167,22580.000,4904.000,36.000,680,13,0,1
188,370.397,773.356,6251.000,2315.000,492.000,877.000,8.000,370.375,773.375,22855.000,5143.000,36.000,680,13,0,1
189,370.510,773.466,5449.000,2005.000,492.000,869.000,7.000,370.500,773.500,22465.000,4753.000,36.000,680,13,0,1
190,370.511,773.193,5431.000,1987.000,492.000,854.000,7.000,370.500,773.214,22617.000,4905.000,36.000,680,13,0,1
191,370.379,773.354,6234.000,2282.000,494.000,856.000,8.000,370.375,773.375,22635.000,4851.000,36.000,680,13,0,1
192,370.499,773.207,5373.000,1936.000,491.000,841.000,7.000,370.500,773.214,22456.000,4780.000,36.000,680,13,0,1
193,370.499,773.299,7625.000,2685.000,494.000,911.000,10.000,370.500,773.300,22875.000,5091.000,36.000,680,13,0,1
194,370.384,773.356,6162.000,2218.000,493.000,879.000,8.000,370.375,773.375,22833.000,5085.000,36.000,680,13,0,1
195,370.382,773.373,6232.000,2304.000,491.000,894.000,8.000,370.375,773.375,22753.000,5077.000,36.000,680,13,0,1
196,370.521,773.217,5488.000,2058.000,490.000,897.000,7.000,370.500,773.214,22748.000,5108.000,36.000,680,13,0,1
197,370.757,773.485,5594.000,2150.000,492.000,894.000,7.000,370.786,773.500,22748.000,5036.000,36.000,680,13,0,1
198,370.524,773.482,6787.000,2359.000,492.000,845.000,9.000,370.500,773.500,22790.000,5078.000,36.000,680,13,0,1
199,370.630,773.365,6106.000,2154.000,494.000,897.000,8.000,370.625,773.375,22449.000,4665.000,36.000,680,13,0,1
200,370.626,773.366,6337.000,2409.000,491.000,888.000,8.000,370.625,773.375,22651.000,4975.000,36.000,680,13,0,1
201,370.500,773.495,6741.000,2349.000,488.000,829.000,9.000,370.500,773.500,22596.000,5028.000,36.000,680,13,0,1
202,370.617,773.590,6131.000,2195.000,492.000,837.000,8.000,370.625,773.625,22528.000,4816.000,36.000,680,13,0,1
203,370.611,773.164,6863.000,2453.000,490.000,878.000,9.000,370.611,773.167,22775.000,5135.000,36.000,680,13,0,1
204,370.403,773.371,6258.000,2298.000,495.000,912.000,8.000,370.375,773.375,22653.000,4833.000,36.000,680,13,0,1
205,370.620,773.604,6153.000,2201.000,494.000,870.000,8.000,370.625,773.625,22556.000,4772.000,36.000,680,13,0,1
206,370.633,773.363,6365.000,2413.000,494.000,918.000,8.000,370.625,773.375,22960.000,5176.000,36.000,680,13,0,1
207,370.505,773.477,6815.000,2369.000,494.000,896.000,9.000,370.500,773.500,22578.000,4794.000,36.000,680,13,0,1
208,370.507,773.483,6900.000,2445.000,495.000,883.000,9.000,370.500,773.500,22744.000,4924.000,36.000,680,13,0,1
209,370.518,773.225,5580.000,2150.000,490.000,872.000,7.000,370.500,773.214,22723.000,5083.000,36.000,680,13,0,1
210,370.516,773.213,5454.000,2003.000,493.000,855.000,7.000,370.500,773.214,22550.000,4802.000,36.000,680,13,0,1
211,370.662,773.337,4780.000,1834.000,491.000,866.000,6.000,370.667,773.333,22688.000,5012.000,36.000,680,13,0,1
212,370.527,773.209,5488.000,2044.000,492.000,831.000,7.000,370.500,773.214,22598.000,4886.000,36.000,680,13,0,1
213,370.378,773.359,6143.000,2199.000,493.000,848.000,8.000,370.375,773.375,22487.000,4739.000,36.000,680,13,0,1
214,370.510,773.486,6996.000,2577.000,491.000,909.000,9.000,370.500,773.500,22874.000,5198.000,36.000,680,13,0,1
215,370.410,773.350,6221.000,2285.000,492.000,916.000,8.000,370.375,773.375,22928.000,5216.000,36.000,680,13,0,1
216,370.502,773.469,7171.000,2734.000,493.000,896.000,9.000,370.500,773.500,23037.000,5289.000,36.000,680,13,0,1
217,370.399,773.174,7080.000,2643.000,493.000,901.000,9.000,370.389,773.167,23023.000,5275.000,36.000,680,13,0,1
218,370.630,773.371,6256.000,2320.000,492.000,895.000,8.000,370.625,773.375,22886.000,5174.000,36.000,680,13,0,1
219,370.504,773.483,6897.000,2460.000,493.000,909.000,9.000,370.500,773.500,22667.000,4919.000,36.000,680,13,0,1
220,370.621,773.362,6258.000,2322.000,492.000,900.000,8.000,370.625,773.375,22882.000,5170.000,36.000,680,13,0,1
221,370.512,773.480,7043.000,2615.000,492.000,916.000,9.000,370.500,773.500,22680.000,4968.000,36.000,680,13,0,1
222,370.507,773.497,6878.000,2477.000,489.000,869.000,9.000,370.500,773.500,22699.000,5095.000,36.000,680,13,0,1
223,370.505,773.230,5636.000,2185.000,493.000,939.000,7.000,370.500,773.214,22770.000,5022.000,36.000,680,13,0,1
224,370.805,773.379,6853.000,2443.000,490.000,854.000,9.000,370.833,773.389,22662.000,5022.000,36.000,680,13,0,1
225,370.591,773.377,6868.000,2476.000,488.000,879.000,9.000,370.611,773.389,22720.000,5152.000,36.000,680,13,0,1
226,370.503,773.213,5460.000,2037.000,489.000,904.000,7.000,370.500,773.214,22611.000,5007.000,36.000,680,13,0,1
227,370.486,773.304,7542.000,2602.000,494.000,869.000,10.000,370.500,773.300,22867.000,5083.000,36.000,680,13,0,1
228,370.503,773.498,7035.000,2607.000,492.000,903.000,9.000,370.500,773.500,22952.000,5240.000,36.000,680,13,0,1
229,370.623,773.575,6173.000,2269.000,488.000,888.000,8.000,370.625,773.625,22634.000,5066.000,36.000,680,13,0,1
230,370.509,773.477,6924.000,2478.000,494.000,892.000,9.000,370.500,773.500,22532.000,4748.000,36.000,680,13,0,1
231,370.398,773.177,6996.000,2586.000,490.000,908.000,9.000,370.389,773.167,22885.000,5245.000,36.000,680,13,0,1
232,370.494,773.467,6814.000,2395.000,491.000,893.000,9.000,370.500,773.500,22607.000,4931.000,36.000,680,13,0,1
233,370.492,773.474,6863.000,2462.000,489.000,868.000,9.000,370.500,773.500,22544.000,4940.000,36.000,680,13,0,1
234,370.503,773.482,6904.000,2494.000,490.000,886.000,9.000,370.500,773.500,22656.000,5016.000,36.000,680,13,0,1
235,370.403,773.360,6264.000,2328.000,492.000,894.000,8.000,370.375,773.375,22871.000,5159.000,36.000,680,13,0,1
236,370.492,773.289,7648.000,2748.000,490.000,874.000,10.000,370.500,773.300,22838.000,5198.000,36.000,680,13,0,1
237,370.486,773.487,6963.000,2517.000,494.000,892.000,9.000,370.500,773.500,22809.000,5025.000,36.000,680,13,0,1
238,370.509,773.501,7052.000,2633.000,491.000,919.000,9.000,370.500,773.500,22963.000,5287.000,36.000,680,13,0,1
239,370.416,773.363,7002.000,2565.000,493.000,897.000,9.000,370.389,773.389,22949.000,5201.000,36.000,680,13,0,1
240,370.597,773.368,6114.000,2186.000,491.000,850.000,8.000,370.625,773.375,22581.000,4905.000,36.000,680,13,0,1
241,370.497,773.214,5567.000,2137.000,490.000,867.000,7.000,370.500,773.214,22915.000,5275.000,36.000,680,13,0,1
242,370.383,773.351,6274.000,2330.000,493.000,895.000,8.000,370.375,773.375,22624.000,4876.000,36.000,680,13,0,1
243,370.485,773.473,6941.000,2495.000,494.000,872.000,9.000,370.500,773.500,22706.000,4922.000,36.000,680,13,0,1
244,370.309,773.460,7516.000,2616.000,490.000,840.000,10.000,370.300,773.500,22682.000,5042.000,36.000,680,13,0,1
245,370.476,773.466,6990.000,2553.000,493.000,941.000,9.000,370.500,773.500,23122.000,5374.000,36.000,680,13,0,1
246,370.497,773.217,5487.000,2071.000,488.000,867.000,7.000,370.500,773.214,22589.000,5021.000,36.000,680,13,0,1
247,370.506,773.469,6916.000,2506.000,490.000,853.000,9.000,370.500,773.500,22649.000,5009.000,36.000,680,13,0,1
248,370.324,773.469,7621.000,2721.000,490.000,842.000,10.000,370.300,773.500,22941.000,5301.000,36.000,680,13,0,1
249,370.506,773.468,6863.000,2417.000,494.000,865.000,9.000,370.500,773.500,22768.000,4984.000,36.000,680,13,0,1
250,370.613,773.579,6884.000,2447.000,493.000,858.000,9.000,370.611,773.611,22756.000,5008.000,36.000,680,13,0,1
251,370.389,773.368,6237.000,2309.000,491.000,880.000,8.000,370.375,773.375,22779.000,5103.000,36.000,680,13,0,1
252,370.511,773.473,6928.000,2500.000,492.000,885.000,9.000,370.500,773.500,22795.000,5083.000,36.000,680,13,0,1
253,370.624,773.371,6246.000,2302.000,493.000,875.000,8.000,370.625,773.375,22852.000,5104.000,36.000,680,13,0,1
254,370.499,773.494,5621.000,2177.000,492.000,905.000,7.000,370.500,773.500,22874.000,5162.000,36.000,680,13,0,1
255,370.346,773.315,8201.000,2811.000,490.000,902.000,11.000,370.318,773.318,22744.000,5104.000,36.000,680,13,0,1
256,370.399,773.349,6395.000,2475.000,490.000,917.000,8.000,370.375,773.375,23119.000,5479.000,36.000,680,13,0,1
257,370.390,773.350,6336.000,2376.000,495.000,897.000,8.000,370.375,773.375,22648.000,4828.000,36.000,680,13,0,1
258,370.517,773.213,5587.000,2171.000,488.000,887.000,7.000,370.500,773.214,22596.000,5028.000,36.000,680,13,0,1
259,370.510,773.234,5507.000,2077.000,490.000,841.000,7.000,370.500,773.214,22699.000,5059.000,36.000,680,13,0,1
260,370.626,773.386,6266.000,2306.000,495.000,886.000,8.000,370.625,773.375,22720.000,4900.000,36.000,680,13,0,1
261,370.499,773.486,6948.000,2520.000,492.000,856.000,9.000,370.500,773.500,23001.000,5289.000,36.000,680,13,0,1
262,370.691,773.475,7798.000,2848.000,495.000,946.000,10.000,370.700,773.500,22939.000,5119.000,36.000,680,13,0,1
263,370.736,773.237,6207.000,2271.000,492.000,845.000,8.000,370.750,773.250,22656.000,4944.000,36.000,680,13,0,1
264,370.500,773.482,7042.000,2623.000,491.000,960.000,9.000,370.500,773.500,22879.000,5203.000,36.000,680,13,0,1
265,370.522,773.481,6244.000,2316.000,491.000,844.000,8.000,370.500,773.500,22513.000,4837.000,36.000,680,13,0,1
266,370.513,773.474,6972.000,2553.000,491.000,909.000,9.000,370.500,773.500,22535.000,4859.000,36.000,680,13,0,1
267,370.523,773.217,5726.000,2261.000,495.000,925.000,7.000,370.500,773.214,22922.000,5102.000,36.000,680,13,0,1
268,370.516,773.479,6960.000,2532.000,492.000,952.000,9.000,370.500,773.500,22724.000,5012.000,36.000,680,13,0,1
269,370.508,773.479,6984.000,2556.000,492.000,933.000,9.000,370.500,773.500,22771.000,5059.000,36.000,680,13,0,1
270,370.521,773.482,7034.000,2624.000,490.000,961.000,9.000,370.500,773.500,23088.000,5448.000,36.000,680,13,0,1
271,370.763,773.115,5603.000,2173.000,490.000,888.000,7.000,370.786,773.071,22573.000,4933.000,36.000,680,13,0,1
272,370.506,773.477,6929.000,2474.000,495.000,853.000,9.000,370.500,773.500,22784.000,4964.000,36.000,680,13,0,1
273,370.504,773.484,6899.000,2498.000,489.000,864.000,9.000,370.500,773.500,22817.000,5213.000,36.000,680,13,0,1
274,370.510,773.477,7155.000,2772.000,487.000,869.000,9.000,370.500,773.500,22960.000,5428.000,36.000,680,13,0,1
275,370.796,773.586,6921.000,2475.000,494.000,907.000,9.000,370.833,773.611,22897.000,5113.000,36.000,680,13,0,1
276,370.502,773.483,6980.000,2534.000,494.000,849.000,9.000,370.500,773.500,22756.000,4972.000,36.000,680,13,0,1
277,370.438,773.291,7645.000,2745.000,490.000,896.000,10.000,370.400,773.300,22999.000,5359.000,36.000,680,13,0,1
278,370.505,773.489,7055.000,2591.000,496.000,863.000,9.000,370.500,773.500,22932.000,5076.000,36.000,680,13,0,1
279,370.516,773.242,5616.000,2158.000,494.000,920.000,7.000,370.500,773.214,22851.000,5067.000,36.000,680,13,0,1
280,370.392,773.352,6257.000,2313.000,493.000,929.000,8.000,370.375,773.375,22735.000,4987.000,36.000,680,13,0,1
281,370.622,773.586,6342.000,2422.000,490.000,897.000,8.000,370.625,773.625,22692.000,5052.000,36.000,680,13,0,1
282,370.505,773.214,5519.000,2054.000,495.000,872.000,7.000,370.500,773.214,22769.000,4949.000,36.000,680,13,0,1
283,370.221,773.350,6998.000,2552.000,494.000,894.000,9.000,370.167,773.389,22944.000,5160.000,36.000,680,13,0,1
284,370.366,773.343,6255.000,2311.000,493.000,901.000,8.000,370.375,773.375,23000.000,5252.000,36.000,680,13,0,1
285,370.214,773.194,7996.000,3066.000,493.000,939.000,10.000,370.200,773.200,23191.000,5443.000,36.000,680,13,0,1
286,370.480,773.484,7025.000,2579.000,494.000,965.000,9.000,370.500,773.500,23059.000,5275.000,36.000,680,13,0,1
287,370.384,773.338,6498.000,2562.000,492.000,924.000,8.000,370.375,773.375,23114.000,5402.000,36.000,680,13,0,1
288,370.483,773.217,5544.000,2079.000,495.000,868.000,7.000,370.500,773.214,22714.000,4894.000,36.000,680,13,0,1
289,370.402,773.348,6239.000,2311.000,491.000,855.000,8.000,370.375,773.375,22830.000,5154.000,36.000,680,13,0,1
290,370.488,773.479,7118.000,2690.000,492.000,885.000,9.000,370.500,773.500,22861.000,5149.000,36.000,680,13,0,1
291,370.516,773.456,7176.000,2748.000,492.000,895.000,9.000,370.500,773.500,23067.000,5355.000,36.000,680,13,0,1
292,370.614,773.359,6253.000,2341.000,489.000,904.000,8.000,370.625,773.375,22983.000,5379.000,36.000,680,13,0,1
293,370.389,773.344,6281.000,2353.000,491.000,870.000,8.000,370.375,773.375,22693.000,5017.000,36.000,680,13,0,1
294,370.507,773.495,5412.000,1975.000,491.000,843.000,7.000,370.500,773.500,22686.000,5010.000,36.000,680,13,0,1
295,370.776,773.369,6884.000,2474.000,490.000,912.000,9.000,370.833,773.389,22757.000,5117.000,36.000,680,13,0,1
296,370.510,773.480,6961.000,2560.000,489.000,842.000,9.000,370.500,773.500,22737.000,5133.000,36.000,680,13,0,1
297,370.384,773.355,6218.000,2298.000,490.000,843.000,8.000,370.375,773.375,22733.000,5093.000,36.000,680,13,0,1
298,370.390,773.373,6252.000,2308.000,493.000,922.000,8.000,370.375,773.375,22541.000,4793.000,36.000,680,13,0,1
299,370.517,773.468,6993.000,2556.000,493.000,885.000,9.000,370.500,773.500,22933.000,5185.000,36.000,680,13,0,1
300,370.632,773.357,6502.000,2550.000,494.000,926.000,8.000,370.625,773.375,23117.000,5333.000,36.000,680,13,0,1
301,370.516,773.306,7765.000,2805.000,496.000,879.000,10.000,370.500,773.300,22993.000,5137.000,36.000,680,13,0,1
302,370.495,773.482,7061.000,2615.000,494.000,897.000,9.000,370.500,773.500,22755.000,4971.000,36.000,680,13,0,1
303,370.503,773.472,6914.000,2486.000,492.000,885.000,9.000,370.500,773.500,22776.000,5064.000,36.000,680,13,0,1
304,370.628,773.357,6247.000,2319.000,491.000,855.000,8.000,370.625,773.375,22770.000,5094.000,36.000,680,13,0,1
305,370.609,773.352,6310.000,2382.000,491.000,916.000,8.000,370.625,773.375,22798.000,5122.000,36.000,680,13,0,1
306,370.515,773.474,7129.000,2701.000,492.000,966.000,9.000,370.500,773.500,23139.000,5427.000,36.000,680,13,0,1
307,370.628,773.344,6342.000,2374.000,496.000,897.000,8.000,370.625,773.375,23089.000,5233.000,36.000,680,13,0,1
308,370.507,773.481,6938.000,2483.000,495.000,851.000,9.000,370.500,773.500,22795.000,4975.000,36.000,680,13,0,1
309,370.505,773.475,7042.000,2596.000,494.000,923.000,9.000,370.500,773.500,23020.000,5236.000,36.000,680,13,0,1
310,370.625,773.358,6388.000,2380.000,501.000,915.000,8.000,370.625,773.375,22931.000,4895.000,36.000,680,13,0,1
311,370.514,773.347,9737.000,3701.000,503.000,992.000,12.000,370.500,773.333,24015.000,5907.000,36.000,680,13,0,1
312,370.767,773.364,12266.000,5238.000,502.000,1119.000,14.000,370.786,773.357,25445.000,7373.000,36.000,680,13,0,1
313,370.630,773.439,14437.000,6373.000,504.000,1309.000,16.000,370.625,773.438,26715.000,8571.000,36.000,680,13,0,1
314,370.531,773.316,17577.000,8039.000,502.000,1434.000,19.000,370.500,773.289,27903.000,9831.000,36.000,680,13,0,1
315,370.678,773.523,17072.000,8000.000,504.000,1354.000,18.000,370.722,773.556,28017.000,9873.000,36.000,680,13,0,1
316,370.515,773.313,17914.000,8376.000,502.000,1506.000,19.000,370.500,773.289,28214.000,10142.000,36.000,680,13,0,1
317,370.458,773.433,20244.000,9134.000,505.000,1569.000,22.000,370.455,773.455,28642.000,10462.000,36.000,680,13,0,1
318,370.430,773.534,20746.000,9702.000,502.000,1658.000,22.000,370.409,773.591,29210.000,11138.000,36.000,680,13,0,1
319,370.406,773.471,22725.000,10050.000,507.000,1647.000,25.000,370.380,773.500,29246.000,10994.000,36.000,680,13,0,1
320,370.478,773.465,20072.000,9446.000,506.000,1700.000,21.000,370.500,773.500,29212.000,10996.000,36.000,680,13,0,1
321,370.524,773.466,20307.000,9639.000,508.000,1689.000,21.000,370.500,773.500,29316.000,11028.000,36.000,680,13,0,1
322,370.497,773.473,20095.000,9448.000,507.000,1532.000,21.000,370.500,773.500,29126.000,10874.000,36.000,680,13,0,1
323,370.398,773.464,20967.000,9791.000,508.000,1572.000,22.000,370.364,773.500,29328.000,11040.000,36.000,680,13,0,1
324,370.483,773.402,19473.000,9373.000,505.000,1562.000,20.000,370.450,773.400,29182.000,11002.000,36.000,680,13,0,1
325,370.507,773.479,20129.000,9503.000,506.000,1578.000,21.000,370.500,773.500,29082.000,10866.000,36.000,680,13,0,1
326,370.671,773.550,21487.000,9849.000,506.000,1610.000,23.000,370.717,773.587,29282.000,11066.000,36.000,680,13,0,1
327,370.490,773.305,18877.000,9320.000,503.000,1618.000,19.000,370.500,773.289,29443.000,11335.000,36.000,680,13,0,1
328,370.352,773.337,19143.000,9529.000,506.000,1594.000,19.000,370.342,773.342,29564.000,11348.000,36.000,680,13,0,1
329,370.199,773.397,20420.000,9815.000,505.000,1605.000,21.000,370.167,773.452,29560.000,11380.000,36.000,680,13,0,1
330,370.469,773.270,19060.000,9427.000,507.000,1635.000,19.000,370.553,773.289,29578.000,11326.000,36.000,680,13,0,1
331,370.555,773.542,20914.000,9738.000,508.000,1680.000,22.000,370.591,773.591,29360.000,11072.000,36.000,680,13,0,1
332,370.486,773.405,19562.000,9382.000,509.000,1594.000,20.000,370.450,773.400,29220.000,10896.000,36.000,680,13,0,1
333,370.461,773.400,19457.000,9337.000,506.000,1610.000,20.000,370.450,773.400,29166.000,10950.000,36.000,680,13,0,1
334,370.496,773.487,20227.000,9664.000,503.000,1654.000,21.000,370.500,773.500,29279.000,11171.000,36.000,680,13,0,1
335,370.549,773.397,20088.000,9525.000,503.000,1717.000,21.000,370.548,773.405,29080.000,10972.000,36.000,680,13,0,1
336,370.421,773.478,20847.000,9803.000,502.000,1610.000,22.000,370.364,773.500,29339.000,11267.000,36.000,680,13,0,1
337,370.467,773.471,18522.000,8908.000,506.000,1604.000,19.000,370.447,773.500,28919.000,10703.000,36.000,680,13,0,1
338,370.449,773.550,20532.000,9378.000,507.000,1632.000,22.000,370.409,773.591,28897.000,10645.000,36.000,680,13,0,1
339,370.595,773.519,19586.000,9446.000,507.000,1652.000,20.000,370.600,773.550,29225.000,10973.000,36.000,680,13,0,1
340,370.558,773.391,18237.000,9093.000,508.000,1700.000,18.000,370.556,773.389,29391.000,11103.000,36.000,680,13,0,1
341,370.599,773.509,19326.000,9246.000,504.000,1586.000,20.000,370.600,773.550,28978.000,10834.000,36.000,680,13,0,1
342,370.720,773.621,20802.000,9582.000,510.000,1541.000,22.000,370.773,773.682,29160.000,10800.000,36.000,680,13,0,1
343,370.542,773.465,18825.000,9192.000,507.000,1662.000,19.000,370.500,773.500,29206.000,10954.000,36.000,680,13,0,1
344,370.484,773.451,20982.000,9784.000,509.000,1607.000,22.000,370.455,773.455,29452.000,11128.000,36.000,680,13,0,1
345,370.427,773.465,20406.000,9675.000,511.000,1655.000,21.000,370.357,773.500,29358.000,10962.000,36.000,680,13,0,1
346,370.564,773.395,19496.000,9336.000,508.000,1628.000,20.000,370.550,773.400,29296.000,11008.000,36.000,680,13,0,1
347,370.618,773.534,20661.000,9463.000,509.000,1559.000,22.000,370.636,773.545,28973.000,10649.000,36.000,680,13,0,1
348,370.602,773.553,19579.000,9479.000,505.000,1648.000,20.000,370.600,773.600,29384.000,11204.000,36.000,680,13,0,1
349,370.565,773.544,19209.000,9049.000,508.000,1583.000,20.000,370.550,773.600,28952.000,10664.000,36.000,680,13,0,1
350,370.594,773.397,19545.000,9385.000,508.000,1491.000,20.000,370.550,773.400,29373.000,11085.000,36.000,680,13,0,1
351,370.593,773.245,19352.000,9152.000,510.000,1586.000,20.000,370.600,773.200,29271.000,10911.000,36.000,680,13,0,1
352,370.608,773.534,19290.000,9170.000,506.000,1524.000,20.000,370.600,773.600,29161.000,10945.000,36.000,680,13,0,1
353,370.496,773.413,19230.000,9090.000,507.000,1515.000,20.000,370.450,773.400,28934.000,10682.000,36.000,680,13,0,1
354,370.558,773.420,19303.000,9143.000,508.000,1675.000,20.000,370.550,773.400,29012.000,10724.000,36.000,680,13,0,1
355,370.594,773.542,19375.000,9135.000,512.000,1501.000,20.000,370.600,773.600,29015.000,10583.000,36.000,680,13,0,1
356,370.567,773.552,19202.000,9062.000,507.000,1599.000,20.000,370.550,773.600,28703.000,10451.000,36.000,680,13,0,1
357,370.502,773.400,19474.000,9474.000,500.000,1687.000,20.000,370.450,773.400,29091.000,11091.000,36.000,680,13,0,1
358,370.574,773.417,19283.000,9263.000,501.000,1558.000,20.000,370.550,773.400,28946.000,10910.000,36.000,680,13,0,1
359,370.563,773.441,18227.000,8765.000,498.000,1574.000,19.000,370.553,773.447,28681.000,10753.000,36.000,680,13,0,1
360,370.602,773.473,18327.000,8865.000,498.000,1603.000,19.000,370.605,773.500,28602.000,10674.000,36.000,680,13,0,1
361,370.522,773.312,18249.000,8806.000,497.000,1530.000,19.000,370.500,773.289,28315.000,10423.000,36.000,680,13,0,1
362,370.560,773.386,17357.000,8483.000,493.000,1515.000,18.000,370.556,773.389,28164.000,10416.000,36.000,680,13,0,1
363,370.570,773.562,18892.000,8972.000,496.000,1528.000,20.000,370.550,773.600,28357.000,10501.000,36.000,680,13,0,1
364,370.700,773.521,17345.000,8417.000,496.000,1447.000,18.000,370.722,773.556,28254.000,10398.000,36.000,680,13,0,1
365,370.608,773.510,17244.000,8388.000,492.000,1512.000,18.000,370.611,773.556,28041.000,10329.000,36.000,680,13,0,1
366,370.553,773.429,17768.000,8401.000,493.000,1469.000,19.000,370.553,773.447,27879.000,10131.000,36.000,680,13,0,1
367,370.450,773.424,17124.000,8250.000,493.000,1434.000,18.000,370.389,773.444,27841.000,10093.000,36.000,680,13,0,1
368,370.577,773.385,15480.000,7656.000,489.000,1486.000,16.000,370.562,773.375,27416.000,9812.000,36.000,680,13,0,1
369,370.721,773.321,14434.000,7069.000,491.000,1393.000,15.000,370.767,773.300,27062.000,9386.000,36.000,680,13,0,1
370,370.477,773.323,13749.000,6875.000,491.000,1387.000,14.000,370.429,773.286,27214.000,9538.000,36.000,680,13,0,1
371,370.676,773.329,14389.000,7024.000,491.000,1343.000,15.000,370.700,773.300,27029.000,9353.000,36.000,680,13,0,1
372,370.509,773.364,14279.000,6944.000,489.000,1379.000,15.000,370.500,773.367,26875.000,9271.000,36.000,680,13,0,1
373,370.322,773.174,14869.000,6949.000,495.000,1401.000,16.000,370.250,773.125,26785.000,8965.000,36.000,680,13,0,1
374,370.330,773.234,14173.000,6823.000,490.000,1346.000,15.000,370.300,773.233,26913.000,9273.000,36.000,680,13,0,1
375,370.283,773.135,14653.000,6749.000,494.000,1294.000,16.000,370.250,773.125,26732.000,8948.000,36.000,680,13,0,1
376,370.273,773.080,14909.000,7005.000,494.000,1311.000,16.000,370.250,773.062,26849.000,9065.000,36.000,680,13,0,1
377,370.156,773.117,14239.000,6829.000,494.000,1323.000,15.000,370.100,773.100,26812.000,9028.000,36.000,680,13,0,1
378,370.040,773.031,14858.000,6954.000,494.000,1415.000,16.000,370.000,773.000,26802.000,9018.000,36.000,680,13,0,1
379,370.249,773.075,14800.000,6928.000,492.000,1330.000,16.000,370.250,773.062,26577.000,8865.000,36.000,680,13,0,1
380,370.495,773.231,14206.000,6334.000,492.000,1250.000,16.000,370.500,773.250,26113.000,8401.000,36.000,680,13,0,1
381,370.581,773.259,13688.000,6293.000,493.000,1279.000,15.000,370.567,773.233,26098.000,8350.000,36.000,680,13,0,1
382,370.501,773.352,12979.000,6119.000,490.000,1258.000,14.000,370.500,773.357,26170.000,8530.000,36.000,680,13,0,1
383,370.638,773.105,13482.000,6132.000,490.000,1208.000,15.000,370.633,773.033,26115.000,8475.000,36.000,680,13,0,1
384,370.574,773.150,13570.000,6145.000,495.000,1280.000,15.000,370.567,773.100,26055.000,8235.000,36.000,680,13,0,1
385,370.578,773.371,12659.000,5701.000,497.000,1213.000,14.000,370.571,773.357,25552.000,7660.000,36.000,680,13,0,1
386,370.510,773.344,12549.000,5647.000,493.000,1226.000,14.000,370.500,773.357,25526.000,7778.000,36.000,680,13,0,1
387,370.513,773.327,11261.000,5333.000,494.000,1275.000,12.000,370.500,773.333,25646.000,7862.000,36.000,680,13,0,1
388,370.558,773.188,12371.000,5455.000,494.000,1122.000,14.000,370.571,773.143,25490.000,7706.000,36.000,680,13,0,1
389,370.394,773.410,11510.000,5140.000,490.000,1200.000,13.000,370.346,773.423,25107.000,7467.000,36.000,680,13,0,1
390,370.658,773.279,11589.000,5206.000,491.000,1202.000,13.000,370.654,773.269,24974.000,7298.000,36.000,680,13,0,1
391,370.798,773.274,10821.000,4929.000,491.000,1219.000,12.000,370.833,773.250,25307.000,7631.000,36.000,680,13,0,1
392,370.400,773.412,11463.000,5080.000,491.000,1180.000,13.000,370.346,773.423,25102.000,7426.000,36.000,680,13,0,1
393,370.724,773.276,10568.000,4652.000,493.000,1169.000,12.000,370.750,773.250,25009.000,7261.000,36.000,680,13,0,1
394,370.517,773.272,10481.000,4601.000,490.000,1116.000,12.000,370.500,773.250,24732.000,7092.000,36.000,680,13,0,1
395,370.512,773.476,9623.000,4200.000,493.000,1114.000,11.000,370.500,773.500,24446.000,6698.000,36.000,680,13,0,1
396,370.803,773.281,10573.000,4705.000,489.000,1108.000,12.000,370.833,773.250,24822.000,7218.000,36.000,680,13,0,1
397,370.666,773.312,9658.000,4246.000,492.000,1090.000,11.000,370.682,773.318,24460.000,6748.000,36.000,680,13,0,1
398,370.831,773.425,9805.000,4415.000,490.000,1209.000,11.000,370.864,773.409,24705.000,7065.000,36.000,680,13,0,1
399,370.517,773.339,10505.000,4649.000,488.000,1145.000,12.000,370.500,773.333,24728.000,7160.000,36.000,680,13,0,1
400,370.524,773.469,9643.000,4253.000,490.000,1073.000,11.000,370.500,773.500,24662.000,7022.000,36.000,680,13,0,1
401,370.681,773.471,8937.000,4057.000,488.000,1092.000,10.000,370.700,773.500,24533.000,6965.000,36.000,680,13,0,1
402,370.815,773.395,9421.000,4042.000,489.000,1084.000,11.000,370.864,773.409,24115.000,6511.000,36.000,680,13,0,1
403,370.592,773.312,8682.000,3772.000,491.000,1049.000,10.000,370.600,773.300,24371.000,6695.000,36.000,680,13,0,1
404,370.536,773.338,10288.000,4384.000,492.000,1040.000,12.000,370.500,773.333,24381.000,6669.000,36.000,680,13,0,1
405,370.788,773.281,10290.000,4362.000,494.000,985.000,12.000,370.833,773.250,24267.000,6483.000,36.000,680,13,0,1
406,370.731,773.269,10700.000,4291.000,493.000,1116.000,13.000,370.731,773.269,24246.000,6498.000,36.000,680,13,0,1
407,370.530,773.448,7916.000,3497.000,491.000,1041.000,9.000,370.500,773.500,23916.000,6240.000,36.000,680,13,0,1
408,370.684,773.324,9317.000,3927.000,490.000,1082.000,11.000,370.682,773.318,23764.000,6124.000,36.000,680,13,0,1
409,370.708,773.463,8396.000,3496.000,490.000,998.000,10.000,370.700,773.500,23899.000,6259.000,36.000,680,13,0,1
410,370.678,773.443,8500.000,3570.000,493.000,1025.000,10.000,370.700,773.500,23944.000,6196.000,36.000,680,13,0,1
411,370.664,773.481,8552.000,3632.000,492.000,1047.000,10.000,370.700,773.500,23819.000,6107.000,36.000,680,13,0,1
412,370.511,773.480,7792.000,3337.000,495.000,1036.000,9.000,370.500,773.500,24046.000,6226.000,36.000,680,13,0,1
413,370.502,773.470,7743.000,3288.000,495.000,975.000,9.000,370.500,773.500,23830.000,6010.000,36.000,680,13,0,1
414,370.326,773.451,8413.000,3463.000,495.000,993.000,10.000,370.300,773.500,23922.000,6102.000,36.000,680,13,0,1
415,370.498,773.318,9928.000,4000.000,494.000,1026.000,12.000,370.500,773.333,24083.000,6299.000,36.000,680,13,0,1
416,370.756,773.234,9070.000,3658.000,492.000,1065.000,11.000,370.773,773.227,23834.000,6122.000,36.000,680,13,0,1
417,370.574,773.318,9719.000,3791.000,494.000,977.000,12.000,370.583,773.333,23980.000,6196.000,36.000,680,13,0,1
418,370.493,773.317,9722.000,3746.000,498.000,1036.000,12.000,370.500,773.333,23662.000,5734.000,36.000,680,13,0,1
419,370.250,773.208,8187.000,3257.000,493.000,982.000,10.000,370.200,773.200,23684.000,5936.000,36.000,680,13,0,1
420,370.665,773.292,8757.000,3334.000,493.000,984.000,11.000,370.682,773.318,23489.000,5741.000,36.000,680,13,0,1
421,370.510,773.405,8941.000,3518.000,493.000,1015.000,11.000,370.500,773.409,23563.000,5815.000,36.000,680,13,0,1
422,370.507,773.479,7191.000,2754.000,493.000,957.000,9.000,370.500,773.500,23140.000,5392.000,36.000,680,13,0,1
423,370.523,773.473,7459.000,3049.000,490.000,994.000,9.000,370.500,773.500,23427.000,5787.000,36.000,680,13,0,1
424,370.609,773.286,8112.000,3182.000,493.000,958.000,10.000,370.600,773.300,23357.000,5609.000,36.000,680,13,0,1
425,370.697,773.474,8380.000,3450.000,493.000,990.000,10.000,370.700,773.500,23613.000,5865.000,36.000,680,13,0,1
426,370.689,773.481,8147.000,3237.000,491.000,1012.000,10.000,370.700,773.500,23545.000,5869.000,36.000,680,13,0,1
427,370.657,773.311,8994.000,3582.000,492.000,960.000,11.000,370.682,773.318,23749.000,6037.000,36.000,680,13,0,1
428,370.413,773.343,6723.000,2771.000,494.000,1026.000,8.000,370.375,773.375,23179.000,5395.000,36.000,680,13,0,1
429,370.509,773.460,7328.000,2900.000,492.000,926.000,9.000,370.500,773.500,23157.000,5445.000,36.000,680,13,0,1
430,370.510,773.482,7234.000,2815.000,491.000,941.000,9.000,370.500,773.500,23171.000,5495.000,36.000,680,13,0,1
431,370.678,773.452,8014.000,3104.000,491.000,986.000,10.000,370.700,773.500,23210.000,5534.000,36.000,680,13,0,1
432,370.742,773.257,6644.000,2700.000,493.000,953.000,8.000,370.750,773.250,23191.000,5443.000,36.000,680,13,0,1
433,370.510,773.468,7253.000,2825.000,492.000,974.000,9.000,370.500,773.500,23317.000,5605.000,36.000,680,13,0,1
434,370.508,773.280,8054.000,3144.000,491.000,956.000,10.000,370.500,773.300,23111.000,5435.000,36.000,680,13,0,1
435,370.410,773.178,7198.000,2788.000,490.000,955.000,9.000,370.389,773.167,23085.000,5445.000,36.000,680,13,0,1
436,370.233,773.191,7876.000,2976.000,490.000,925.000,10.000,370.200,773.200,23160.000,5520.000,36.000,680,13,0,1
437,370.610,773.376,6581.000,2629.000,494.000,911.000,8.000,370.625,773.375,23167.000,5383.000,36.000,680,13,0,1
438,370.625,773.355,7124.000,2687.000,493.000,935.000,9.000,370.611,773.389,22819.000,5071.000,36.000,680,13,0,1
439,370.521,773.472,7223.000,2795.000,492.000,890.000,9.000,370.500,773.500,23070.000,5358.000,36.000,680,13,0,1
440,370.517,773.461,7318.000,2881.000,493.000,1005.000,9.000,370.500,773.500,23235.000,5487.000,36.000,680,13,0,1
441,370.394,773.360,6385.000,2457.000,491.000,915.000,8.000,370.375,773.375,22635.000,4959.000,36.000,680,13,0,1
442,370.633,773.362,6330.000,2410.000,490.000,963.000,8.000,370.625,773.375,22899.000,5259.000,36.000,680,13,0,1
443,370.618,773.180,7168.000,2758.000,490.000,938.000,9.000,370.611,773.167,22905.000,5265.000,36.000,680,13,0,1
444,370.819,773.360,7050.000,2640.000,490.000,893.000,9.000,370.833,773.389,22931.000,5291.000,36.000,680,13,0,1
445,370.503,773.476,7037.000,2636.000,489.000,886.000,9.000,370.500,773.500,22772.000,5168.000,36.000,680,13,0,1
446,370.410,773.373,6380.000,2428.000,494.000,887.000,8.000,370.375,773.375,23050.000,5266.000,36.000,680,13,0,1
447,370.689,773.463,7721.000,2771.000,495.000,887.000,10.000,370.700,773.500,22810.000,4990.000,36.000,680,13,0,1
448,370.515,773.195,5811.000,2346.000,495.000,910.000,7.000,370.500,773.214,22979.000,5159.000,36.000,680,13,0,1
449,370.639,773.565,6236.000,2292.000,493.000,917.000,8.000,370.625,773.625,22931.000,5183.000,36.000,680,13,0,1
450,370.511,773.446,7204.000,2758.000,494.000,912.000,9.000,370.500,773.500,23067.000,5283.000,36.000,680,13,0,1
