Slice,xc,yc,intdens,intsub,bgmedian,maxint,area,x,y,sqintdens,sqintsub,sqarea,threshold,animal,redFlag,useTracking
1,590.361,444.371,8322.000,4530.000,474.000,1853.000,8.000,590.375,444.375,24407.000,7343.000,36.000,724,10,0,1
2,590.205,444.381,9380.000,4961.000,491.000,1937.000,9.000,590.167,444.389,25564.000,7888.000,36.000,724,10,0,1
3,590.094,444.397,8643.000,4643.000,500.000,1963.000,8.000,590.000,444.375,25788.000,7788.000,36.000,724,10,0,1
4,590.221,444.295,9627.000,5163.000,496.000,1881.000,9.000,590.167,444.278,26048.000,8192.000,36.000,724,10,0,1
5,590.109,444.382,8681.000,4721.000,495.000,2000.000,8.000,590.000,444.375,25720.000,7900.000,36.000,724,10,0,1
6,590.221,444.387,9536.000,5081.000,495.000,1869.000,9.000,590.167,444.389,25992.000,8172.000,36.000,724,10,0,1
7,590.307,444.391,10084.000,5134.000,495.000,1931.000,10.000,590.300,444.400,25929.000,8109.000,36.000,724,10,0,1
8,590.446,444.456,9378.000,4932.000,494.000,1890.000,9.000,590.500,444.500,25728.000,7944.000,36.000,724,10,0,1
9,590.212,444.302,9503.000,5057.000,494.000,1952.000,9.000,590.167,444.278,25725.000,7941.000,36.000,724,10,0,1
10,590.218,444.293,9361.000,4897.000,496.000,1967.000,9.000,590.167,444.278,25613.000,7757.000,36.000,724,10,0,1
11,589.994,444.394,11143.000,5654.000,499.000,2007.000,11.000,589.864,444.409,26017.000,8053.000,36.000,724,10,0,1
12,590.202,444.305,9349.000,4876.000,497.000,1899.000,9.000,590.167,444.278,25547.000,7655.000,36.000,724,10,0,1
13,589.982,444.398,10839.000,5361.000,498.000,1899.000,11.000,589.864,444.409,25580.000,7652.000,36.000,724,10,0,1
14,590.097,444.370,8728.000,4760.000,496.000,1945.000,8.000,590.000,444.375,25757.000,7901.000,36.000,724,10,0,1
15,590.230,444.447,9397.000,4951.000,494.000,1953.000,9.000,590.167,444.500,25604.000,7820.000,36.000,724,10,0,1
16,590.087,444.384,10184.000,5234.000,495.000,1935.000,10.000,590.000,444.400,25630.000,7810.000,36.000,724,10,0,1
17,590.086,444.374,10326.000,5366.000,496.000,1888.000,10.000,590.000,444.400,26031.000,8175.000,36.000,724,10,0,1
18,590.202,444.377,9212.000,4730.000,498.000,1848.000,9.000,590.167,444.389,25587.000,7659.000,36.000,724,10,0,1
19,590.100,444.304,10244.000,5284.000,496.000,1887.000,10.000,590.000,444.300,25857.000,8001.000,36.000,724,10,0,1
20,590.379,444.329,8596.000,4636.000,495.000,1879.000,8.000,590.375,444.375,25572.000,7752.000,36.000,724,10,0,1
21,590.212,444.440,9507.000,5061.000,494.000,1906.000,9.000,590.167,444.500,25728.000,7944.000,36.000,724,10,0,1
22,590.080,444.362,10132.000,5172.000,496.000,1887.000,10.000,590.000,444.400,25670.000,7814.000,36.000,724,10,0,1
23,590.374,444.346,8785.000,4817.000,496.000,1890.000,8.000,590.375,444.375,25659.000,7803.000,36.000,724,10,0,1
24,590.361,444.357,8665.000,4697.000,496.000,1980.000,8.000,590.375,444.375,25707.000,7851.000,36.000,724,10,0,1
25,590.314,444.379,9972.000,5052.000,492.000,1934.000,10.000,590.300,444.400,25733.000,8021.000,36.000,724,10,0,1
26,590.102,444.372,8776.000,4816.000,495.000,1946.000,8.000,590.000,444.375,25835.000,8015.000,36.000,724,10,0,1
27,590.097,444.293,10187.000,5237.000,495.000,1961.000,10.000,590.000,444.300,25848.000,8028.000,36.000,724,10,0,1
28,590.225,444.288,9539.000,5057.000,498.000,1879.000,9.000,590.167,444.278,25959.000,8031.000,36.000,724,10,0,1
29,590.358,444.367,9003.000,5043.000,495.000,2002.000,8.000,590.375,444.375,26144.000,8324.000,36.000,724,10,0,1
30,590.384,444.303,10198.000,5278.000,492.000,1984.000,10.000,590.400,444.300,25721.000,8009.000,36.000,724,10,0,1
31,589.971,444.459,9360.000,4914.000,494.000,1893.000,9.000,589.833,444.500,25764.000,7980.000,36.000,724,10,0,1
32,589.982,444.385,10938.000,5504.000,494.000,1814.000,11.000,589.864,444.409,25944.000,8160.000,36.000,724,10,0,1
33,590.207,444.294,9474.000,5019.000,495.000,1922.000,9.000,590.167,444.278,25786.000,7966.000,36.000,724,10,0,1
34,590.359,444.366,8643.000,4667.000,497.000,1952.000,8.000,590.375,444.375,25599.000,7707.000,36.000,724,10,0,1
35,590.252,444.434,11028.000,5572.000,496.000,1872.000,11.000,590.227,444.500,25829.000,7973.000,36.000,724,10,0,1
36,590.110,444.392,10273.000,5333.000,494.000,2006.000,10.000,590.000,444.400,25671.000,7887.000,36.000,724,10,0,1
37,590.088,444.381,10304.000,5344.000,496.000,2011.000,10.000,590.000,444.400,25937.000,8081.000,36.000,724,10,0,1
38,590.204,444.289,9557.000,5111.000,494.000,1948.000,9.000,590.167,444.278,25755.000,7971.000,36.000,724,10,0,1
39,590.378,444.369,8677.000,4709.000,496.000,2002.000,8.000,590.375,444.375,25689.000,7833.000,36.000,724,10,0,1
40,590.260,444.378,11125.000,5669.000,496.000,1965.000,11.000,590.227,444.409,26227.000,8371.000,36.000,724,10,0,1
41,590.213,444.300,9498.000,4998.000,500.000,1885.000,9.000,590.167,444.278,25890.000,7890.000,36.000,724,10,0,1
42,590.204,444.289,9518.000,5036.000,498.000,1973.000,9.000,590.167,444.278,25715.000,7787.000,36.000,724,10,0,1
43,590.218,444.281,9622.000,5194.000,492.000,1964.000,9.000,590.167,444.278,25804.000,8092.000,36.000,724,10,0,1
44,590.104,444.314,10101.000,5141.000,496.000,1873.000,10.000,590.000,444.300,25716.000,7860.000,36.000,724,10,0,1
45,590.236,444.302,9741.000,5304.000,493.000,2079.000,9.000,590.167,444.278,26067.000,8319.000,36.000,724,10,0,1
46,590.240,444.294,9538.000,5092.000,494.000,1933.000,9.000,590.167,444.278,26131.000,8347.000,36.000,724,10,0,1
47,590.350,444.456,11534.000,5594.000,495.000,1925.000,12.000,590.333,444.500,25775.000,7955.000,36.000,724,10,0,1
48,590.098,444.307,10293.000,5323.000,497.000,2003.000,10.000,590.000,444.300,26071.000,8179.000,36.000,724,10,0,1
49,590.208,444.458,11011.000,5577.000,494.000,2052.000,11.000,590.136,444.500,25792.000,8008.000,36.000,724,10,0,1
50,590.112,444.369,10261.000,5331.000,493.000,2011.000,10.000,590.000,444.400,26024.000,8276.000,36.000,724,10,0,1
51,590.383,444.349,8806.000,4838.000,496.000,1947.000,8.000,590.375,444.375,25920.000,8064.000,36.000,724,10,0,1
52,590.190,444.454,10902.000,5468.000,494.000,1863.000,11.000,590.136,444.500,25887.000,8103.000,36.000,724,10,0,1
53,590.211,444.433,9458.000,5003.000,495.000,1943.000,9.000,590.167,444.500,25841.000,8021.000,36.000,724,10,0,1
54,590.534,444.376,9502.000,5056.000,494.000,1928.000,9.000,590.611,444.389,25670.000,7886.000,36.000,724,10,0,1
55,590.246,444.380,11140.000,5717.000,493.000,1890.000,11.000,590.227,444.409,26111.000,8363.000,36.000,724,10,0,1
56,589.987,444.397,10955.000,5521.000,494.000,1877.000,11.000,589.864,444.409,25902.000,8118.000,36.000,724,10,0,1
57,590.114,444.366,10225.000,5275.000,495.000,2035.000,10.000,590.000,444.400,25892.000,8072.000,36.000,724,10,0,1
58,590.220,444.293,9504.000,5076.000,492.000,1998.000,9.000,590.167,444.278,25828.000,8116.000,36.000,724,10,0,1
59,590.219,444.362,9464.000,5000.000,496.000,1853.000,9.000,590.167,444.389,25946.000,8090.000,36.000,724,10,0,1
60,590.094,444.391,10446.000,5506.000,494.000,1996.000,10.000,590.000,444.400,25930.000,8146.000,36.000,724,10,0,1
61,590.209,444.282,9470.000,4988.000,498.000,1784.000,9.000,590.167,444.278,25662.000,7734.000,36.000,724,10,0,1
62,590.215,444.292,9428.000,4982.000,494.000,1974.000,9.000,590.167,444.278,25827.000,8043.000,36.000,724,10,0,1
63,590.212,444.274,9527.000,5081.000,494.000,1907.000,9.000,590.167,444.278,25964.000,8180.000,36.000,724,10,0,1
64,590.231,444.275,9607.000,5143.000,496.000,1917.000,9.000,590.167,444.278,26081.000,8225.000,36.000,724,10,0,1
65,590.092,444.434,10266.000,5316.000,495.000,1862.000,10.000,590.000,444.500,26074.000,8254.000,36.000,724,10,0,1
66,590.243,444.314,10942.000,5530.000,492.000,1929.000,11.000,590.227,444.318,26227.000,8515.000,36.000,724,10,0,1
67,590.212,444.281,9347.000,4883.000,496.000,1808.000,9.000,590.167,444.278,25885.000,8029.000,36.000,724,10,0,1
68,590.210,444.274,9461.000,5006.000,495.000,1823.000,9.000,590.167,444.278,25939.000,8119.000,36.000,724,10,0,1
69,590.207,444.267,9591.000,5118.000,497.000,2003.000,9.000,590.167,444.278,26069.000,8177.000,36.000,724,10,0,1
70,590.209,444.283,9542.000,5051.000,499.000,1895.000,9.000,590.167,444.278,26039.000,8075.000,36.000,724,10,0,1
71,590.221,444.283,9531.000,5076.000,495.000,1870.000,9.000,590.167,444.278,25894.000,8074.000,36.000,724,10,0,1
72,589.974,444.373,11027.000,5593.000,494.000,1989.000,11.000,589.864,444.409,25983.000,8199.000,36.000,724,10,0,1
73,590.101,444.292,10243.000,5313.000,493.000,1978.000,10.000,590.000,444.300,25963.000,8215.000,36.000,724,10,0,1
74,590.102,444.305,10248.000,5278.000,497.000,1916.000,10.000,590.000,444.300,25859.000,7967.000,36.000,724,10,0,1
75,589.991,444.382,11030.000,5563.000,497.000,1932.000,11.000,589.864,444.409,25891.000,7999.000,36.000,724,10,0,1
76,590.224,444.276,9365.000,4910.000,495.000,1971.000,9.000,590.167,444.278,25824.000,8004.000,36.000,724,10,0,1
77,590.230,444.299,9463.000,5035.000,492.000,1966.000,9.000,590.167,444.278,25899.000,8187.000,36.000,724,10,0,1
78,590.329,444.383,10224.000,5284.000,494.000,1960.000,10.000,590.300,444.400,25923.000,8139.000,36.000,724,10,0,1
79,590.381,444.378,8741.000,4773.000,496.000,2022.000,8.000,590.375,444.375,25821.000,7965.000,36.000,724,10,0,1
80,590.332,444.402,10379.000,5389.000,499.000,2061.000,10.000,590.300,444.400,26170.000,8206.000,36.000,724,10,0,1
81,590.097,444.309,10248.000,5268.000,498.000,1970.000,10.000,590.000,444.300,25916.000,7988.000,36.000,724,10,0,1
82,590.178,444.461,11044.000,5621.000,493.000,1856.000,11.000,590.136,444.500,26199.000,8451.000,36.000,724,10,0,1
83,590.083,444.380,10214.000,5294.000,492.000,1995.000,10.000,590.000,444.400,25958.000,8246.000,36.000,724,10,0,1
84,590.260,444.381,10949.000,5526.000,493.000,1911.000,11.000,590.227,444.409,26010.000,8262.000,36.000,724,10,0,1
85,590.219,444.283,9529.000,5074.000,495.000,1927.000,9.000,590.167,444.278,26008.000,8188.000,36.000,724,10,0,1
86,590.363,444.356,8665.000,4705.000,495.000,1880.000,8.000,590.375,444.375,25997.000,8177.000,36.000,724,10,0,1
87,590.355,444.367,8881.000,4945.000,492.000,1950.000,8.000,590.375,444.375,26144.000,8432.000,36.000,724,10,0,1
88,590.372,444.289,10141.000,5231.000,491.000,1841.000,10.000,590.400,444.300,25908.000,8232.000,36.000,724,10,0,1
89,590.208,444.294,9505.000,5059.000,494.000,1865.000,9.000,590.167,444.278,25932.000,8148.000,36.000,724,10,0,1
90,590.089,444.360,8652.000,4676.000,497.000,1872.000,8.000,590.000,444.375,25804.000,7912.000,36.000,724,10,0,1
91,590.082,444.360,10051.000,5101.000,495.000,1809.000,10.000,590.000,444.400,25960.000,8140.000,36.000,724,10,0,1
92,590.206,444.441,9602.000,5147.000,495.000,1956.000,9.000,590.167,444.500,26046.000,8226.000,36.000,724,10,0,1
93,589.978,444.377,11058.000,5624.000,494.000,1866.000,11.000,589.864,444.409,26252.000,8468.000,36.000,724,10,0,1
94,590.214,444.275,9545.000,5081.000,496.000,1963.000,9.000,590.167,444.278,25931.000,8075.000,36.000,724,10,0,1
95,590.201,444.448,9491.000,5027.000,496.000,1942.000,9.000,590.167,444.500,25873.000,8017.000,36.000,724,10,0,1
96,590.207,444.276,9499.000,5080.000,491.000,1882.000,9.000,590.167,444.278,26085.000,8409.000,36.000,724,10,0,1
97,590.097,444.380,10348.000,5398.000,495.000,1926.000,10.000,590.000,444.400,26086.000,8266.000,36.000,724,10,0,1
98,590.225,444.291,9266.000,4775.000,499.000,1894.000,9.000,590.167,444.278,25850.000,7886.000,36.000,724,10,0,1
99,590.393,444.458,10177.000,5217.000,496.000,1951.000,10.000,590.400,444.500,26057.000,8201.000,36.000,724,10,0,1
100,590.214,444.297,9278.000,4787.000,499.000,1882.000,9.000,590.167,444.278,25631.000,7667.000,36.000,724,10,0,1
101,590.086,444.387,10134.000,5164.000,497.000,1925.000,10.000,590.000,444.400,25783.000,7891.000,36.000,724,10,0,1
102,590.213,444.284,9433.000,4987.000,494.000,1911.000,9.000,590.167,444.278,25924.000,8140.000,36.000,724,10,0,1
103,590.214,444.298,9358.000,4921.000,493.000,1899.000,9.000,590.167,444.278,25650.000,7902.000,36.000,724,10,0,1
104,590.227,444.296,9801.000,5364.000,493.000,2087.000,9.000,590.167,444.278,26250.000,8502.000,36.000,724,10,0,1
105,590.222,444.291,9433.000,4960.000,497.000,1821.000,9.000,590.167,444.278,25861.000,7969.000,36.000,724,10,0,1
106,589.977,444.380,11096.000,5684.000,492.000,1895.000,11.000,589.864,444.409,26137.000,8425.000,36.000,724,10,0,1
107,589.962,444.368,10972.000,5538.000,494.000,1807.000,11.000,589.864,444.409,26142.000,8358.000,36.000,724,10,0,1
108,590.089,444.290,10318.000,5378.000,494.000,1836.000,10.000,590.000,444.300,26073.000,8289.000,36.000,724,10,0,1
109,590.215,444.283,9546.000,5127.000,491.000,1995.000,9.000,590.167,444.278,25875.000,8199.000,36.000,724,10,0,1
110,590.199,444.283,9288.000,4869.000,491.000,1811.000,9.000,590.167,444.278,25724.000,8048.000,36.000,724,10,0,1
111,590.318,444.393,10096.000,5186.000,491.000,1808.000,10.000,590.300,444.400,25748.000,8072.000,36.000,724,10,0,1
112,590.449,444.473,9548.000,5102.000,494.000,2012.000,9.000,590.500,444.500,25939.000,8155.000,36.000,724,10,0,1
113,590.094,444.320,10215.000,5295.000,492.000,2027.000,10.000,590.000,444.300,25908.000,8196.000,36.000,724,10,0,1
114,590.371,444.380,8764.000,4788.000,497.000,2003.000,8.000,590.375,444.375,25837.000,7945.000,36.000,724,10,0,1
115,590.328,444.393,10190.000,5250.000,494.000,1964.000,10.000,590.300,444.400,25842.000,8058.000,36.000,724,10,0,1
116,590.391,444.397,10168.000,5218.000,495.000,1919.000,10.000,590.400,444.400,25947.000,8127.000,36.000,724,10,0,1
117,590.233,444.451,9417.000,4944.000,497.000,1946.000,9.000,590.167,444.500,25880.000,7988.000,36.000,724,10,0,1
118,590.108,444.365,8653.000,4709.000,493.000,2002.000,8.000,590.000,444.375,25828.000,8080.000,36.000,724,10,0,1
119,590.227,444.305,9447.000,5001.000,494.000,1958.000,9.000,590.167,444.278,25616.000,7832.000,36.000,724,10,0,1
120,590.254,444.415,10839.000,5383.000,496.000,2007.000,11.000,590.227,444.409,25868.000,8012.000,36.000,724,10,0,1
121,590.377,444.362,8725.000,4757.000,496.000,1969.000,8.000,590.375,444.375,25968.000,8112.000,36.000,724,10,0,1
122,590.384,444.314,10230.000,5260.000,497.000,1977.000,10.000,590.400,444.300,25962.000,8070.000,36.000,724,10,0,1
123,590.249,444.396,11188.000,5754.000,494.000,1982.000,11.000,590.227,444.409,26498.000,8714.000,36.000,724,10,0,1
124,590.207,444.307,9772.000,5326.000,494.000,2029.000,9.000,590.167,444.278,26328.000,8544.000,36.000,724,10,0,1
125,590.354,444.372,8838.000,4878.000,495.000,1963.000,8.000,590.375,444.375,25807.000,7987.000,36.000,724,10,0,1
126,590.221,444.291,9480.000,5061.000,491.000,1937.000,9.000,590.167,444.278,25864.000,8188.000,36.000,724,10,0,1
127,590.093,444.385,10097.000,5137.000,496.000,2005.000,10.000,590.000,444.400,25588.000,7732.000,36.000,724,10,0,1
128,590.251,444.379,10953.000,5541.000,492.000,1986.000,11.000,590.227,444.409,26117.000,8405.000,36.000,724,10,0,1
129,590.308,444.373,10274.000,5334.000,494.000,1933.000,10.000,590.300,444.400,26007.000,8223.000,36.000,724,10,0,1
130,590.088,444.309,9966.000,4976.000,499.000,1916.000,10.000,590.000,444.300,25649.000,7685.000,36.000,724,10,0,1
131,590.369,444.355,8857.000,4873.000,498.000,1895.000,8.000,590.375,444.375,25986.000,8058.000,36.000,724,10,0,1
132,590.384,444.111,11022.000,5610.000,492.000,1885.000,11.000,590.409,444.045,26169.000,8457.000,36.000,724,10,0,1
133,590.094,444.467,11706.000,5766.000,495.000,1909.000,12.000,590.000,444.500,26115.000,8295.000,36.000,724,10,0,1
134,590.363,444.363,8903.000,4943.000,495.000,2018.000,8.000,590.375,444.375,26051.000,8231.000,36.000,724,10,0,1
135,590.222,444.285,9502.000,5074.000,492.000,2006.000,9.000,590.167,444.278,25939.000,8227.000,36.000,724,10,0,1
136,590.099,444.312,10386.000,5436.000,495.000,1927.000,10.000,590.000,444.300,26310.000,8490.000,36.000,724,10,0,1
137,590.397,444.323,11865.000,5925.000,495.000,1888.000,12.000,590.417,444.333,26434.000,8614.000,36.000,724,10,0,1
138,590.372,444.368,8643.000,4691.000,494.000,1896.000,8.000,590.375,444.375,25767.000,7983.000,36.000,724,10,0,1
139,590.228,444.297,9579.000,5142.000,493.000,1908.000,9.000,590.167,444.278,25644.000,7896.000,36.000,724,10,0,1
140,590.213,444.279,9663.000,5226.000,493.000,1968.000,9.000,590.167,444.278,26062.000,8314.000,36.000,724,10,0,1
141,590.267,444.393,11026.000,5625.000,491.000,1981.000,11.000,590.227,444.409,26324.000,8648.000,36.000,724,10,0,1
142,590.376,444.321,10207.000,5287.000,492.000,1952.000,10.000,590.400,444.300,25953.000,8241.000,36.000,724,10,0,1
143,590.257,444.396,11109.000,5664.000,495.000,1981.000,11.000,590.227,444.409,25998.000,8178.000,36.000,724,10,0,1
144,590.399,444.457,10230.000,5340.000,489.000,1938.000,10.000,590.400,444.500,25987.000,8383.000,36.000,724,10,0,1
145,590.453,444.428,9623.000,5186.000,493.000,1994.000,9.000,590.500,444.500,26066.000,8318.000,36.000,724,10,0,1
146,590.388,444.306,10125.000,5145.000,498.000,1856.000,10.000,590.400,444.300,25845.000,7917.000,36.000,724,10,0,1
147,590.105,444.315,10268.000,5308.000,496.000,1941.000,10.000,590.000,444.300,25914.000,8058.000,36.000,724,10,0,1
148,590.097,444.302,10334.000,5354.000,498.000,1960.000,10.000,590.000,444.300,26113.000,8185.000,36.000,724,10,0,1
149,590.221,444.291,9602.000,5147.000,495.000,1927.000,9.000,590.167,444.278,26093.000,8273.000,36.000,724,10,0,1
150,590.383,444.233,10283.000,5373.000,491.000,1975.000,10.000,590.400,444.200,26025.000,8349.000,36.000,724,10,0,1
151,590.393,444.390,10228.000,5288.000,494.000,1933.000,10.000,590.400,444.400,26081.000,8297.000,36.000,724,10,0,1
152,590.212,444.279,9595.000,5176.000,491.000,1907.000,9.000,590.167,444.278,26342.000,8666.000,36.000,724,10,0,1
153,590.394,444.313,10245.000,5315.000,493.000,2040.000,10.000,590.400,444.300,26055.000,8307.000,36.000,724,10,0,1
154,590.103,444.313,10394.000,5434.000,496.000,1964.000,10.000,590.000,444.300,26283.000,8427.000,36.000,724,10,0,1
155,590.091,444.294,10188.000,5258.000,493.000,1901.000,10.000,590.000,444.300,25905.000,8157.000,36.000,724,10,0,1
156,590.375,444.341,8910.000,4966.000,493.000,1925.000,8.000,590.375,444.375,26108.000,8360.000,36.000,724,10,0,1
157,590.234,444.282,9534.000,5079.000,495.000,1896.000,9.000,590.167,444.278,26173.000,8353.000,36.000,724,10,0,1
158,590.400,444.464,10146.000,5236.000,491.000,1928.000,10.000,590.400,444.500,25974.000,8298.000,36.000,724,10,0,1
159,590.515,444.438,10908.000,5485.000,493.000,2081.000,11.000,590.500,444.409,26092.000,8344.000,36.000,724,10,0,1
160,590.514,444.538,9753.000,5289.000,496.000,2189.000,9.000,590.500,444.500,26131.000,8275.000,36.000,724,10,0,1
161,590.709,444.515,10260.000,5310.000,495.000,2059.000,10.000,590.700,444.500,25875.000,8055.000,36.000,724,10,0,1
162,590.501,444.471,9587.000,5132.000,495.000,1929.000,9.000,590.500,444.500,25929.000,8109.000,36.000,724,10,0,1
163,590.230,444.295,9502.000,5074.000,492.000,1911.000,9.000,590.167,444.278,26053.000,8341.000,36.000,724,10,0,1
164,590.380,444.337,8853.000,4909.000,493.000,1957.000,8.000,590.375,444.375,26182.000,8434.000,36.000,724,10,0,1
165,590.006,444.398,11119.000,5674.000,495.000,1953.000,11.000,589.864,444.409,26174.000,8354.000,36.000,724,10,0,1
166,590.468,444.396,10732.000,5320.000,492.000,1865.000,11.000,590.500,444.409,25804.000,8092.000,36.000,724,10,0,1
167,590.114,444.363,10345.000,5405.000,494.000,1975.000,10.000,590.000,444.400,26043.000,8259.000,36.000,724,10,0,1
168,590.455,444.440,9435.000,5007.000,492.000,1945.000,9.000,590.500,444.500,25806.000,8094.000,36.000,724,10,0,1
169,590.110,444.377,10271.000,5341.000,493.000,2016.000,10.000,590.000,444.400,25928.000,8180.000,36.000,724,10,0,1
170,590.235,444.288,9668.000,5222.000,494.000,1884.000,9.000,590.167,444.278,26153.000,8369.000,36.000,724,10,0,1
171,590.231,444.439,9542.000,5069.000,497.000,1906.000,9.000,590.167,444.500,25717.000,7825.000,36.000,724,10,0,1
172,590.243,444.280,9664.000,5218.000,494.000,1919.000,9.000,590.167,444.278,26022.000,8238.000,36.000,724,10,0,1
173,590.232,444.290,9704.000,5249.000,495.000,1936.000,9.000,590.167,444.278,26051.000,8231.000,36.000,724,10,0,1
174,590.103,444.357,10349.000,5389.000,496.000,1843.000,10.000,590.000,444.400,26036.000,8180.000,36.000,724,10,0,1
175,590.397,444.298,10387.000,5417.000,497.000,1905.000,10.000,590.400,444.300,26140.000,8248.000,36.000,724,10,0,1
176,590.407,444.334,11647.000,5683.000,497.000,1969.000,12.000,590.417,444.333,26036.000,8144.000,36.000,724,10,0,1
177,590.366,444.349,8909.000,4941.000,496.000,1977.000,8.000,590.375,444.375,26047.000,8191.000,36.000,724,10,0,1
178,590.236,444.276,9466.000,5002.000,496.000,1982.000,9.000,590.167,444.278,25810.000,7954.000,36.000,724,10,0,1
179,590.242,444.300,9606.000,5151.000,495.000,1911.000,9.000,590.167,444.278,26071.000,8251.000,36.000,724,10,0,1
180,590.319,444.524,10195.000,5275.000,492.000,1901.000,10.000,590.300,444.600,25990.000,8278.000,36.000,724,10,0,1
181,590.220,444.298,9547.000,5092.000,495.000,1906.000,9.000,590.167,444.278,25981.000,8161.000,36.000,724,10,0,1
182,590.105,444.444,10477.000,5537.000,494.000,1962.000,10.000,590.000,444.500,26304.000,8520.000,36.000,724,10,0,1
183,590.230,444.276,9683.000,5255.000,492.000,1991.000,9.000,590.167,444.278,26225.000,8513.000,36.000,724,10,0,1
184,590.223,444.264,9666.000,5220.000,494.000,1815.000,9.000,590.167,444.278,26080.000,8296.000,36.000,724,10,0,1
185,590.215,444.269,9536.000,5135.000,489.000,1869.000,9.000,590.167,444.278,25911.000,8307.000,36.000,724,10,0,1
186,590.558,444.359,9512.000,5084.000,492.000,1965.000,9.000,590.611,444.389,25895.000,8183.000,36.000,724,10,0,1
187,590.234,444.322,9416.000,4961.000,495.000,1914.000,9.000,590.167,444.278,26022.000,8202.000,36.000,724,10,0,1
188,590.231,444.306,9544.000,5071.000,497.000,1888.000,9.000,590.167,444.278,26035.000,8143.000,36.000,724,10,0,1
189,590.475,444.478,9715.000,5251.000,496.000,2098.000,9.000,590.500,444.500,26273.000,8417.000,36.000,724,10,0,1
190,590.328,444.384,10252.000,5292.000,496.000,1968.000,10.000,590.300,444.400,26115.000,8259.000,36.000,724,10,0,1
191,590.395,444.323,10406.000,5446.000,496.000,1944.000,10.000,590.400,444.300,26348.000,8492.000,36.000,724,10,0,1
192,590.220,444.473,11291.000,5835.000,496.000,2051.000,11.000,590.136,444.500,26313.000,8457.000,36.000,724,10,0,1
193,590.244,444.316,9587.000,5159.000,492.000,2085.000,9.000,590.167,444.278,26259.000,8547.000,36.000,724,10,0,1
194,590.341,444.399,10075.000,5135.000,494.000,1913.000,10.000,590.300,444.400,25792.000,8008.000,36.000,724,10,0,1
195,590.387,444.400,8969.000,5009.000,495.000,2121.000,8.000,590.375,444.375,26334.000,8514.000,36.000,724,10,0,1
196,590.346,444.392,10360.000,5400.000,496.000,2026.000,10.000,590.300,444.400,26157.000,8301.000,36.000,724,10,0,1
197,590.254,444.324,9570.000,5124.000,494.000,2036.000,9.000,590.167,444.278,26062.000,8278.000,36.000,724,10,0,1
198,590.654,444.499,10396.000,5436.000,496.000,2143.000,10.000,590.700,444.500,26122.000,8266.000,36.000,724,10,0,1
199,590.791,444.627,9665.000,5210.000,495.000,2112.000,9.000,590.833,444.611,26212.000,8392.000,36.000,724,10,0,1
200,591.026,444.695,10636.000,5656.000,498.000,1947.000,10.000,591.100,444.700,26372.000,8444.000,36.000,724,10,0,1
201,590.879,444.631,9949.000,5503.000,494.000,1892.000,9.000,590.833,444.611,26247.000,8463.000,36.000,724,10,0,1
202,590.733,444.529,10547.000,5617.000,493.000,1988.000,10.000,590.700,444.500,26307.000,8559.000,36.000,724,10,0,1
203,590.562,444.404,9673.000,5245.000,492.000,1625.000,9.000,590.500,444.500,26081.000,8369.000,36.000,724,10,0,1
204,590.892,444.092,9772.000,5290.000,498.000,1709.000,9.000,590.944,444.167,26395.000,8467.000,36.000,724,10,0,1
205,591.059,443.502,11897.000,5945.000,496.000,2095.000,12.000,591.000,443.500,26424.000,8568.000,36.000,724,10,0,1
206,591.280,443.480,10394.000,5454.000,494.000,2043.000,10.000,591.300,443.500,26317.000,8533.000,36.000,724,10,0,1
207,591.283,443.404,10438.000,5498.000,494.000,2095.000,10.000,591.300,443.400,26125.000,8341.000,36.000,724,10,0,1
208,591.252,443.409,11161.000,5716.000,495.000,2022.000,11.000,591.227,443.409,26399.000,8579.000,36.000,724,10,0,1
209,591.218,443.307,9793.000,5374.000,491.000,2078.000,9.000,591.167,443.278,26456.000,8780.000,36.000,724,10,0,1
210,591.213,443.385,9545.000,5117.000,492.000,1918.000,9.000,591.167,443.389,26021.000,8309.000,36.000,724,10,0,1
211,591.095,443.405,10411.000,5481.000,493.000,2091.000,10.000,591.000,443.400,26190.000,8442.000,36.000,724,10,0,1
212,591.105,443.391,10391.000,5421.000,497.000,2132.000,10.000,591.000,443.400,26388.000,8496.000,36.000,724,10,0,1
213,591.121,443.364,9015.000,5015.000,500.000,2123.000,8.000,591.000,443.375,26405.000,8405.000,36.000,724,10,0,1
214,591.234,443.289,9669.000,5196.000,497.000,1993.000,9.000,591.167,443.278,26255.000,8363.000,36.000,724,10,0,1
215,591.390,443.300,10505.000,5545.000,496.000,1985.000,10.000,591.400,443.300,26299.000,8443.000,36.000,724,10,0,1
216,591.251,443.318,11240.000,5795.000,495.000,1931.000,11.000,591.227,443.318,26419.000,8599.000,36.000,724,10,0,1
217,591.380,443.296,10351.000,5391.000,496.000,1974.000,10.000,591.400,443.300,26130.000,8274.000,36.000,724,10,0,1
218,591.112,443.301,10464.000,5534.000,493.000,1915.000,10.000,591.000,443.300,26336.000,8588.000,36.000,724,10,0,1
219,591.384,443.359,9062.000,5134.000,491.000,1957.000,8.000,591.375,443.375,26204.000,8528.000,36.000,724,10,0,1
220,591.227,443.295,9714.000,5286.000,492.000,1941.000,9.000,591.167,443.278,26223.000,8511.000,36.000,724,10,0,1
221,591.226,443.425,9796.000,5350.000,494.000,1901.000,9.000,591.167,443.500,26463.000,8679.000,36.000,724,10,0,1
222,591.231,443.283,9714.000,5241.000,497.000,1893.000,9.000,591.167,443.278,26444.000,8552.000,36.000,724,10,0,1
223,591.522,443.236,11247.000,5769.000,498.000,1933.000,11.000,591.591,443.227,26420.000,8492.000,36.000,724,10,0,1
224,591.133,443.287,10590.000,5650.000,494.000,1967.000,10.000,591.000,443.300,26592.000,8808.000,36.000,724,10,0,1
225,591.225,443.272,9676.000,5230.000,494.000,1905.000,9.000,591.167,443.278,26334.000,8550.000,36.000,724,10,0,1
226,591.231,443.280,9536.000,5081.000,495.000,1797.000,9.000,591.167,443.278,25933.000,8113.000,36.000,724,10,0,1
227,591.394,443.311,8960.000,5008.000,494.000,1769.000,8.000,591.375,443.375,26196.000,8412.000,36.000,724,10,0,1
228,591.122,443.348,10500.000,5550.000,495.000,1883.000,10.000,591.000,443.400,26454.000,8634.000,36.000,724,10,0,1
229,591.241,443.281,9727.000,5290.000,493.000,1944.000,9.000,591.167,443.278,26203.000,8455.000,36.000,724,10,0,1
230,591.237,443.271,9520.000,5092.000,492.000,1920.000,9.000,591.167,443.278,26130.000,8418.000,36.000,724,10,0,1
231,591.130,443.293,10403.000,5443.000,496.000,1919.000,10.000,591.000,443.300,26248.000,8392.000,36.000,724,10,0,1
232,591.241,443.428,9841.000,5377.000,496.000,1915.000,9.000,591.167,443.500,26674.000,8818.000,36.000,724,10,0,1
233,591.261,443.273,9763.000,5290.000,497.000,1878.000,9.000,591.167,443.278,26266.000,8374.000,36.000,724,10,0,1
234,591.397,443.334,8789.000,4829.000,495.000,1782.000,8.000,591.375,443.375,25805.000,7985.000,36.000,724,10,0,1
235,591.254,443.276,9546.000,5082.000,496.000,1824.000,9.000,591.167,443.278,26105.000,8249.000,36.000,724,10,0,1
236,591.327,443.343,10611.000,5591.000,502.000,1862.000,10.000,591.300,443.400,26588.000,8516.000,36.000,724,10,0,1
237,591.243,443.265,9653.000,5234.000,491.000,1887.000,9.000,591.167,443.278,26180.000,8504.000,36.000,724,10,0,1
238,591.238,443.281,9634.000,5197.000,493.000,1918.000,9.000,591.167,443.278,25908.000,8160.000,36.000,724,10,0,1
239,591.245,443.274,9751.000,5305.000,494.000,1813.000,9.000,591.167,443.278,26428.000,8644.000,36.000,724,10,0,1
240,591.406,443.208,10485.000,5535.000,495.000,1803.000,10.000,591.400,443.200,26202.000,8382.000,36.000,724,10,0,1
241,591.501,443.287,11125.000,5658.000,497.000,1813.000,11.000,591.500,443.318,26261.000,8369.000,36.000,724,10,0,1
242,591.405,443.273,10523.000,5603.000,492.000,1960.000,10.000,591.400,443.300,26384.000,8672.000,36.000,724,10,0,1
243,591.274,443.119,10510.000,5550.000,496.000,1929.000,10.000,591.200,443.100,26128.000,8272.000,36.000,724,10,0,1
244,591.248,443.254,9622.000,5185.000,493.000,1845.000,9.000,591.167,443.278,26038.000,8290.000,36.000,724,10,0,1
245,591.242,443.251,9643.000,5179.000,496.000,1733.000,9.000,591.167,443.278,26127.000,8271.000,36.000,724,10,0,1
246,591.238,443.245,9880.000,5416.000,496.000,1782.000,9.000,591.167,443.278,26368.000,8512.000,36.000,724,10,0,1
247,591.134,443.259,10671.000,5731.000,494.000,1776.000,10.000,591.000,443.300,26626.000,8842.000,36.000,724,10,0,1
248,591.412,443.296,8976.000,5008.000,496.000,1769.000,8.000,591.375,443.375,26154.000,8298.000,36.000,724,10,0,1
249,591.247,443.227,9650.000,5204.000,494.000,1724.000,9.000,591.167,443.278,26316.000,8532.000,36.000,724,10,0,1
250,591.425,443.163,10427.000,5437.000,499.000,1614.000,10.000,591.400,443.200,26083.000,8119.000,36.000,724,10,0,1
251,591.375,443.074,8952.000,4976.000,497.000,1700.000,8.000,591.250,443.125,26134.000,8242.000,36.000,724,10,0,1
252,591.531,442.836,7951.000,4472.000,497.000,1716.000,7.000,591.500,442.786,25720.000,7828.000,36.000,724,10,0,1
253,591.540,442.913,10468.000,5538.000,493.000,1681.000,10.000,591.500,442.900,25994.000,8246.000,36.000,724,10,0,1
254,591.617,443.050,10387.000,5397.000,499.000,1727.000,10.000,591.600,443.100,26058.000,8094.000,36.000,724,10,0,1
255,591.833,443.195,10251.000,5291.000,496.000,1715.000,10.000,591.900,443.300,26086.000,8230.000,36.000,724,10,0,1
256,591.536,442.923,12014.000,6038.000,498.000,1814.000,12.000,591.500,442.917,26274.000,8346.000,36.000,724,10,0,1
257,591.669,442.945,11195.000,5717.000,498.000,1808.000,11.000,591.682,442.955,26111.000,8183.000,36.000,724,10,0,1
258,591.466,442.985,11207.000,5729.000,498.000,1909.000,11.000,591.409,443.045,26137.000,8209.000,36.000,724,10,0,1
259,591.622,443.034,10370.000,5460.000,491.000,1890.000,10.000,591.600,443.100,26227.000,8551.000,36.000,724,10,0,1
260,591.862,443.072,9721.000,5293.000,492.000,1869.000,9.000,591.944,443.167,26072.000,8360.000,36.000,724,10,0,1
261,591.730,442.760,8967.000,5015.000,494.000,1960.000,8.000,591.750,442.750,26173.000,8389.000,36.000,724,10,0,1
262,591.631,442.812,9599.000,5135.000,496.000,2012.000,9.000,591.611,442.833,26177.000,8321.000,36.000,724,10,0,1
263,591.801,442.654,9760.000,5287.000,497.000,1900.000,9.000,591.833,442.611,26330.000,8438.000,36.000,724,10,0,1
264,591.748,442.744,8969.000,4993.000,497.000,2015.000,8.000,591.750,442.750,26191.000,8299.000,36.000,724,10,0,1
265,591.791,442.656,9672.000,5190.000,498.000,1931.000,9.000,591.833,442.611,26155.000,8227.000,36.000,724,10,0,1
266,591.644,442.670,9837.000,5355.000,498.000,1968.000,9.000,591.611,442.611,26214.000,8286.000,36.000,724,10,0,1
267,591.952,442.777,11218.000,5729.000,499.000,1936.000,11.000,592.045,442.773,26311.000,8347.000,36.000,724,10,0,1
268,591.802,442.670,9599.000,5144.000,495.000,1899.000,9.000,591.833,442.611,26067.000,8247.000,36.000,724,10,0,1
269,591.757,442.758,8908.000,4908.000,500.000,1786.000,8.000,591.750,442.750,26113.000,8113.000,36.000,724,10,0,1
270,591.797,442.659,9863.000,5408.000,495.000,2058.000,9.000,591.833,442.611,26239.000,8419.000,36.000,724,10,0,1
271,591.780,442.660,9659.000,5195.000,496.000,1962.000,9.000,591.833,442.611,26198.000,8342.000,36.000,724,10,0,1
272,591.572,442.778,10396.000,5416.000,498.000,1928.000,10.000,591.500,442.800,25999.000,8071.000,36.000,724,10,0,1
273,591.724,442.785,10620.000,5660.000,496.000,2013.000,10.000,591.700,442.800,26586.000,8730.000,36.000,724,10,0,1
274,591.821,442.645,9741.000,5304.000,493.000,2036.000,9.000,591.833,442.611,26254.000,8506.000,36.000,724,10,0,1
275,591.843,442.743,8855.000,4887.000,496.000,1929.000,8.000,591.875,442.750,25937.000,8081.000,36.000,724,10,0,1
276,591.728,442.563,10554.000,5584.000,497.000,1898.000,10.000,591.700,442.500,26240.000,8348.000,36.000,724,10,0,1
277,591.827,442.642,9702.000,5247.000,495.000,2043.000,9.000,591.833,442.611,26009.000,8189.000,36.000,724,10,0,1
278,591.933,442.566,10672.000,5722.000,495.000,2055.000,10.000,592.000,442.500,26368.000,8548.000,36.000,724,10,0,1
279,591.952,442.540,10581.000,5591.000,499.000,1958.000,10.000,592.000,442.500,26517.000,8553.000,36.000,724,10,0,1
280,591.804,442.618,9972.000,5517.000,495.000,2059.000,9.000,591.833,442.611,26368.000,8548.000,36.000,724,10,0,1
281,591.692,442.421,10480.000,5480.000,500.000,1941.000,10.000,591.700,442.400,26151.000,8151.000,36.000,724,10,0,1
282,591.609,442.242,10035.000,5544.000,499.000,1832.000,9.000,591.611,442.278,26603.000,8639.000,36.000,724,10,0,1
283,591.431,442.060,11328.000,5861.000,497.000,1701.000,11.000,591.409,442.045,26468.000,8576.000,36.000,724,10,0,1
284,591.428,442.053,11438.000,5982.000,496.000,1718.000,11.000,591.409,442.045,26578.000,8722.000,36.000,724,10,0,1
285,591.809,442.379,11309.000,5842.000,497.000,1842.000,11.000,591.864,442.409,26255.000,8363.000,36.000,724,10,0,1
286,591.979,442.484,10504.000,5534.000,497.000,1799.000,10.000,592.000,442.500,26399.000,8507.000,36.000,724,10,0,1
287,591.771,442.495,10418.000,5458.000,496.000,1805.000,10.000,591.700,442.500,26246.000,8390.000,36.000,724,10,0,1
288,591.888,442.431,11178.000,5700.000,498.000,1818.000,11.000,591.864,442.409,26252.000,8324.000,36.000,724,10,0,1
289,591.889,442.422,11190.000,5734.000,496.000,1858.000,11.000,591.864,442.409,26251.000,8395.000,36.000,724,10,0,1
290,591.904,442.428,11384.000,5939.000,495.000,1886.000,11.000,591.864,442.409,26260.000,8440.000,36.000,724,10,0,1
291,592.061,442.432,12165.000,6225.000,495.000,1935.000,12.000,592.083,442.417,26674.000,8854.000,36.000,724,10,0,1
292,591.908,442.421,11436.000,6002.000,494.000,1983.000,11.000,591.864,442.409,26442.000,8658.000,36.000,724,10,0,1
293,591.922,442.433,11294.000,5849.000,495.000,1965.000,11.000,591.864,442.409,26324.000,8504.000,36.000,724,10,0,1
294,591.802,442.510,10683.000,5733.000,495.000,1949.000,10.000,591.700,442.500,26450.000,8630.000,36.000,724,10,0,1
295,592.000,442.497,10570.000,5640.000,493.000,1893.000,10.000,592.000,442.500,26298.000,8550.000,36.000,724,10,0,1
296,591.908,442.419,11286.000,5863.000,493.000,1937.000,11.000,591.864,442.409,26572.000,8824.000,36.000,724,10,0,1
297,591.889,442.493,9885.000,5403.000,498.000,1937.000,9.000,591.833,442.500,26435.000,8507.000,36.000,724,10,0,1
298,591.892,442.421,11274.000,5807.000,497.000,1855.000,11.000,591.864,442.409,26323.000,8431.000,36.000,724,10,0,1
299,591.894,442.431,11545.000,6045.000,500.000,1972.000,11.000,591.864,442.409,26622.000,8622.000,36.000,724,10,0,1
300,591.805,442.493,10614.000,5644.000,497.000,1911.000,10.000,591.700,442.500,26504.000,8612.000,36.000,724,10,0,1
301,591.896,442.428,11135.000,5690.000,495.000,1827.000,11.000,591.864,442.409,26284.000,8464.000,36.000,724,10,0,1
302,591.902,442.424,11365.000,5909.000,496.000,1992.000,11.000,591.864,442.409,26385.000,8529.000,36.000,724,10,0,1
303,591.906,442.426,11154.000,5676.000,498.000,1976.000,11.000,591.864,442.409,26347.000,8419.000,36.000,724,10,0,1
304,591.921,442.412,11462.000,5995.000,497.000,1980.000,11.000,591.864,442.409,26408.000,8516.000,36.000,724,10,0,1
305,591.807,442.496,10591.000,5631.000,496.000,2016.000,10.000,591.700,442.500,26565.000,8709.000,36.000,724,10,0,1
306,591.951,442.422,11344.000,5833.000,501.000,2203.000,11.000,591.864,442.409,26654.000,8618.000,36.000,724,10,0,1
307,591.917,442.433,11449.000,5905.000,504.000,2049.000,11.000,591.864,442.409,26363.000,8219.000,36.000,724,10,0,1
308,592.094,442.431,12137.000,6077.000,505.000,2091.000,12.000,592.083,442.417,26778.000,8598.000,36.000,724,10,0,1
309,591.911,442.447,11397.000,5776.000,511.000,2000.000,11.000,591.864,442.409,26832.000,8436.000,36.000,724,10,0,1
310,592.176,442.506,12881.000,6238.000,511.000,2141.000,13.000,592.192,442.500,26947.000,8551.000,36.000,724,10,0,1
311,592.081,442.436,11990.000,5858.000,511.000,2054.000,12.000,592.083,442.417,26632.000,8236.000,36.000,724,10,0,1
312,591.954,442.581,11603.000,5960.000,513.000,2232.000,11.000,591.864,442.591,27088.000,8620.000,36.000,724,10,0,1
313,592.281,442.572,12472.000,6292.000,515.000,2230.000,12.000,592.333,442.583,27279.000,8739.000,36.000,724,10,0,1
314,592.098,442.435,12508.000,6352.000,513.000,2161.000,12.000,592.083,442.417,27406.000,8938.000,36.000,724,10,0,1
315,592.276,442.576,12466.000,6262.000,517.000,2215.000,12.000,592.333,442.583,27208.000,8596.000,36.000,724,10,0,1
316,592.221,442.494,11820.000,6199.000,511.000,2251.000,11.000,592.227,442.500,27342.000,8946.000,36.000,724,10,0,1
317,592.050,442.498,12368.000,6188.000,515.000,2165.000,12.000,592.000,442.500,27453.000,8913.000,36.000,724,10,0,1
318,592.171,442.504,13569.000,6874.000,515.000,2301.000,13.000,592.192,442.500,27806.000,9266.000,36.000,724,10,0,1
319,592.095,442.433,12384.000,6216.000,514.000,2192.000,12.000,592.083,442.417,27410.000,8906.000,36.000,724,10,0,1
320,592.143,442.325,13414.000,6719.000,515.000,2219.000,13.000,592.115,442.269,27422.000,8882.000,36.000,724,10,0,1
321,592.185,442.510,13388.000,6719.000,513.000,2251.000,13.000,592.192,442.500,27485.000,9017.000,36.000,724,10,0,1
322,592.324,442.482,12418.000,6250.000,514.000,2283.000,12.000,592.333,442.417,27224.000,8720.000,36.000,724,10,0,1
323,592.260,442.742,11867.000,6202.000,515.000,1937.000,11.000,592.227,442.682,27424.000,8884.000,36.000,724,10,0,1
324,592.330,442.950,13600.000,6866.000,518.000,2092.000,13.000,592.346,442.962,27619.000,8971.000,36.000,724,10,0,1
325,592.341,442.937,13414.000,6706.000,516.000,2017.000,13.000,592.346,442.962,27750.000,9174.000,36.000,724,10,0,1
326,592.136,442.591,12734.000,6566.000,514.000,2369.000,12.000,592.083,442.583,27721.000,9217.000,36.000,724,10,0,1
327,592.327,442.461,13990.000,6752.000,517.000,2276.000,14.000,592.357,442.429,27359.000,8747.000,36.000,724,10,0,1
328,592.204,442.490,13658.000,6976.000,514.000,2412.000,13.000,592.192,442.500,27764.000,9260.000,36.000,724,10,0,1
329,591.983,442.418,11790.000,6136.000,514.000,2370.000,11.000,591.864,442.409,26988.000,8484.000,36.000,724,10,0,1
330,592.130,442.431,12816.000,6624.000,516.000,2424.000,12.000,592.083,442.417,27642.000,9066.000,36.000,724,10,0,1
331,592.087,442.487,12633.000,6477.000,513.000,2378.000,12.000,592.000,442.500,27428.000,8960.000,36.000,724,10,0,1
332,592.218,442.494,13350.000,6655.000,515.000,2285.000,13.000,592.192,442.500,27434.000,8894.000,36.000,724,10,0,1
333,592.261,442.382,13376.000,6694.000,514.000,2387.000,13.000,592.269,442.346,27472.000,8968.000,36.000,724,10,0,1
334,592.200,442.492,13372.000,6664.000,516.000,2387.000,13.000,592.192,442.500,27426.000,8850.000,36.000,724,10,0,1
335,592.210,442.493,13267.000,6546.000,517.000,2340.000,13.000,592.192,442.500,27483.000,8871.000,36.000,724,10,0,1
336,592.059,442.495,12541.000,6373.000,514.000,2278.000,12.000,592.000,442.500,27502.000,8998.000,36.000,724,10,0,1
337,592.209,442.501,13450.000,6755.000,515.000,2328.000,13.000,592.192,442.500,27484.000,8944.000,36.000,724,10,0,1
338,592.149,442.432,12811.000,6655.000,513.000,2364.000,12.000,592.083,442.417,27478.000,9010.000,36.000,724,10,0,1
339,592.179,442.436,11846.000,6181.000,515.000,2316.000,11.000,592.136,442.409,27462.000,8922.000,36.000,724,10,0,1
340,592.068,442.494,12685.000,6553.000,511.000,2375.000,12.000,592.000,442.500,27494.000,9098.000,36.000,724,10,0,1
341,592.127,442.450,12758.000,6602.000,513.000,2396.000,12.000,592.083,442.417,27528.000,9060.000,36.000,724,10,0,1
342,592.145,442.434,12646.000,6514.000,511.000,2361.000,12.000,592.083,442.417,27571.000,9175.000,36.000,724,10,0,1
343,592.076,442.491,12665.000,6485.000,515.000,2318.000,12.000,592.000,442.500,27395.000,8855.000,36.000,724,10,0,1
344,592.271,442.388,13396.000,6688.000,516.000,2431.000,13.000,592.269,442.346,27757.000,9181.000,36.000,724,10,0,1
345,592.227,442.496,13385.000,6625.000,520.000,2386.000,13.000,592.192,442.500,27613.000,8893.000,36.000,724,10,0,1
346,592.215,442.491,13497.000,6789.000,516.000,2391.000,13.000,592.192,442.500,27614.000,9038.000,36.000,724,10,0,1
347,592.220,442.491,13503.000,6834.000,513.000,2407.000,13.000,592.192,442.500,27599.000,9131.000,36.000,724,10,0,1
348,592.178,442.427,11948.000,6283.000,515.000,2334.000,11.000,592.136,442.409,27416.000,8876.000,36.000,724,10,0,1
349,592.213,442.495,13359.000,6651.000,516.000,2237.000,13.000,592.192,442.500,27339.000,8763.000,36.000,724,10,0,1
350,592.312,442.479,12583.000,6427.000,513.000,2251.000,12.000,592.333,442.500,27334.000,8866.000,36.000,724,10,0,1
351,592.256,442.359,11767.000,6124.000,513.000,2307.000,11.000,592.227,442.318,27451.000,8983.000,36.000,724,10,0,1
352,592.196,442.499,11763.000,6175.000,508.000,2377.000,11.000,592.136,442.500,27485.000,9197.000,36.000,724,10,0,1
353,592.179,442.508,11861.000,6229.000,512.000,2383.000,11.000,592.136,442.500,27375.000,8943.000,36.000,724,10,0,1
354,592.330,442.435,10988.000,5848.000,514.000,2264.000,10.000,592.300,442.400,27241.000,8737.000,36.000,724,10,0,1
355,592.574,442.498,12780.000,6624.000,513.000,2326.000,12.000,592.667,442.500,27641.000,9173.000,36.000,724,10,0,1
356,592.225,442.510,13315.000,6659.000,512.000,2282.000,13.000,592.192,442.500,27491.000,9059.000,36.000,724,10,0,1
357,592.456,442.414,11740.000,6229.000,501.000,2310.000,11.000,592.500,442.409,27038.000,9002.000,36.000,724,10,0,1
358,592.201,442.497,11811.000,6267.000,504.000,2309.000,11.000,592.136,442.500,27168.000,9024.000,36.000,724,10,0,1
359,592.189,442.438,11785.000,6263.000,502.000,2263.000,11.000,592.136,442.409,26988.000,8916.000,36.000,724,10,0,1
360,592.100,442.492,12547.000,6583.000,497.000,2354.000,12.000,592.000,442.500,27104.000,9212.000,36.000,724,10,0,1
361,592.225,442.491,13270.000,6848.000,494.000,2317.000,13.000,592.192,442.500,27146.000,9362.000,36.000,724,10,0,1
362,592.315,442.414,10818.000,5878.000,494.000,2234.000,10.000,592.300,442.400,26847.000,9063.000,36.000,724,10,0,1
363,592.326,442.422,11149.000,6179.000,497.000,2474.000,10.000,592.300,442.400,27053.000,9161.000,36.000,724,10,0,1
364,592.197,442.490,11898.000,6475.000,493.000,2357.000,11.000,592.136,442.500,27145.000,9397.000,36.000,724,10,0,1
365,592.340,442.492,12536.000,6584.000,496.000,2357.000,12.000,592.333,442.500,26848.000,8992.000,36.000,724,10,0,1
366,592.203,442.426,11753.000,6264.000,499.000,2442.000,11.000,592.136,442.409,26933.000,8969.000,36.000,724,10,0,1
367,592.333,442.493,12380.000,6440.000,495.000,2229.000,12.000,592.333,442.500,26681.000,8861.000,36.000,724,10,0,1
368,592.383,442.354,11001.000,6071.000,493.000,2411.000,10.000,592.400,442.300,27067.000,9319.000,36.000,724,10,0,1
369,592.315,442.561,10748.000,5818.000,493.000,2295.000,10.000,592.300,442.600,26547.000,8799.000,36.000,724,10,0,1
370,592.334,442.480,12620.000,6692.000,494.000,2240.000,12.000,592.333,442.500,27160.000,9376.000,36.000,724,10,0,1
371,592.317,442.418,11136.000,6186.000,495.000,2360.000,10.000,592.300,442.400,27118.000,9298.000,36.000,724,10,0,1
372,592.212,442.495,11913.000,6490.000,493.000,2288.000,11.000,592.136,442.500,27192.000,9444.000,36.000,724,10,0,1
373,592.094,442.481,12420.000,6504.000,493.000,2270.000,12.000,592.000,442.500,27000.000,9252.000,36.000,724,10,0,1
374,592.323,442.417,10891.000,5921.000,497.000,2317.000,10.000,592.300,442.400,26803.000,8911.000,36.000,724,10,0,1
375,592.324,442.409,10961.000,6011.000,495.000,2256.000,10.000,592.300,442.400,26902.000,9082.000,36.000,724,10,0,1
376,592.385,442.350,10951.000,5981.000,497.000,2261.000,10.000,592.400,442.300,26731.000,8839.000,36.000,724,10,0,1
377,592.320,442.552,10926.000,5956.000,497.000,2383.000,10.000,592.300,442.600,26864.000,8972.000,36.000,724,10,0,1
378,592.196,442.484,11803.000,6347.000,496.000,2223.000,11.000,592.136,442.500,26965.000,9109.000,36.000,724,10,0,1
379,592.235,442.330,10162.000,5707.000,495.000,2255.000,9.000,592.167,442.278,26648.000,8828.000,36.000,724,10,0,1
380,592.230,442.316,10128.000,5673.000,495.000,2261.000,9.000,592.167,442.278,26637.000,8817.000,36.000,724,10,0,1
381,592.193,442.471,11720.000,6275.000,495.000,2277.000,11.000,592.136,442.500,26803.000,8983.000,36.000,724,10,0,1
382,592.221,442.312,10270.000,5824.000,494.000,2351.000,9.000,592.167,442.278,26874.000,9090.000,36.000,724,10,0,1
383,592.461,442.407,11646.000,6190.000,496.000,2209.000,11.000,592.500,442.409,26813.000,8957.000,36.000,724,10,0,1
384,592.455,442.412,11785.000,6318.000,497.000,2295.000,11.000,592.500,442.409,26883.000,8991.000,36.000,724,10,0,1
385,592.591,442.477,10853.000,5903.000,495.000,2349.000,10.000,592.700,442.500,26702.000,8882.000,36.000,724,10,0,1
386,592.202,442.482,11898.000,6464.000,494.000,2355.000,11.000,592.136,442.500,27088.000,9304.000,36.000,724,10,0,1
387,592.283,442.408,11659.000,6203.000,496.000,2304.000,11.000,592.227,442.409,26725.000,8869.000,36.000,724,10,0,1
388,592.213,442.476,11867.000,6422.000,495.000,2357.000,11.000,592.136,442.500,27140.000,9320.000,36.000,724,10,0,1
389,592.210,442.472,11731.000,6286.000,495.000,2193.000,11.000,592.136,442.500,26855.000,9035.000,36.000,724,10,0,1
390,592.207,442.486,11794.000,6360.000,494.000,2321.000,11.000,592.136,442.500,26873.000,9089.000,36.000,724,10,0,1
391,592.268,442.398,11857.000,6390.000,497.000,2346.000,11.000,592.227,442.409,27117.000,9225.000,36.000,724,10,0,1
392,592.467,442.421,11644.000,6221.000,493.000,2291.000,11.000,592.500,442.409,26792.000,9044.000,36.000,724,10,0,1
393,592.633,442.527,10910.000,5940.000,497.000,2281.000,10.000,592.700,442.500,26781.000,8889.000,36.000,724,10,0,1
394,592.560,442.660,11297.000,6327.000,497.000,2267.000,10.000,592.600,442.600,27360.000,9468.000,36.000,724,10,0,1
395,592.412,443.066,11856.000,6400.000,496.000,2036.000,11.000,592.409,443.136,27047.000,9191.000,36.000,724,10,0,1
396,592.261,443.186,10306.000,5851.000,495.000,1823.000,9.000,592.167,443.278,27005.000,9185.000,36.000,724,10,0,1
397,592.496,442.545,10205.000,5786.000,491.000,2246.000,9.000,592.500,442.500,26864.000,9188.000,36.000,724,10,0,1
398,592.353,442.406,11036.000,6076.000,496.000,2232.000,10.000,592.300,442.400,26787.000,8931.000,36.000,724,10,0,1
399,592.490,442.386,11566.000,6132.000,494.000,2120.000,11.000,592.500,442.409,26746.000,8962.000,36.000,724,10,0,1
400,592.338,442.367,10874.000,5914.000,496.000,2149.000,10.000,592.300,442.400,26618.000,8762.000,36.000,724,10,0,1
401,592.267,442.284,10302.000,5820.000,498.000,2229.000,9.000,592.167,442.278,26817.000,8889.000,36.000,724,10,0,1
402,592.329,442.374,11162.000,6202.000,496.000,2235.000,10.000,592.300,442.400,26794.000,8938.000,36.000,724,10,0,1
403,592.142,442.382,10803.000,5833.000,497.000,2020.000,10.000,592.000,442.400,26661.000,8769.000,36.000,724,10,0,1
404,592.357,442.250,11578.000,6133.000,495.000,2127.000,11.000,592.318,442.227,26699.000,8879.000,36.000,724,10,0,1
405,592.346,442.345,11027.000,6077.000,495.000,2101.000,10.000,592.300,442.400,26860.000,9040.000,36.000,724,10,0,1
406,592.370,442.347,11168.000,6198.000,497.000,2216.000,10.000,592.300,442.400,27046.000,9154.000,36.000,724,10,0,1
407,592.679,442.320,12549.000,6609.000,495.000,2099.000,12.000,592.750,442.333,27021.000,9201.000,36.000,724,10,0,1
408,592.406,442.288,11275.000,6325.000,495.000,2166.000,10.000,592.400,442.300,27045.000,9225.000,36.000,724,10,0,1
409,592.433,442.217,10936.000,6026.000,491.000,2165.000,10.000,592.400,442.200,26760.000,9084.000,36.000,724,10,0,1
410,592.303,442.152,10969.000,6019.000,495.000,2165.000,10.000,592.200,442.100,26861.000,9041.000,36.000,724,10,0,1
411,592.495,442.304,11752.000,6296.000,496.000,2191.000,11.000,592.500,442.318,27080.000,9224.000,36.000,724,10,0,1
412,592.370,442.379,10975.000,6015.000,496.000,2089.000,10.000,592.300,442.400,26806.000,8950.000,36.000,724,10,0,1
413,592.416,442.301,10987.000,6057.000,493.000,2143.000,10.000,592.400,442.300,26801.000,9053.000,36.000,724,10,0,1
414,592.373,442.377,11078.000,6128.000,495.000,2154.000,10.000,592.300,442.400,26939.000,9119.000,36.000,724,10,0,1
415,592.365,442.380,10933.000,5983.000,495.000,2089.000,10.000,592.300,442.400,26642.000,8822.000,36.000,724,10,0,1
416,592.347,442.365,10880.000,5930.000,495.000,2083.000,10.000,592.300,442.400,26802.000,8982.000,36.000,724,10,0,1
417,592.362,442.340,11247.000,6297.000,495.000,2282.000,10.000,592.300,442.400,27096.000,9276.000,36.000,724,10,0,1
418,592.273,442.271,10357.000,5893.000,496.000,2156.000,9.000,592.167,442.278,26961.000,9105.000,36.000,724,10,0,1
419,592.510,442.289,12128.000,6694.000,494.000,2233.000,11.000,592.500,442.318,27099.000,9315.000,36.000,724,10,0,1
420,592.431,442.198,11143.000,6203.000,494.000,2071.000,10.000,592.400,442.200,27220.000,9436.000,36.000,724,10,0,1
421,592.303,442.154,11183.000,6243.000,494.000,2064.000,10.000,592.200,442.100,27039.000,9255.000,36.000,724,10,0,1
422,592.370,442.336,11345.000,6385.000,496.000,2186.000,10.000,592.300,442.400,26981.000,9125.000,36.000,724,10,0,1
423,592.496,442.357,11883.000,6449.000,494.000,2180.000,11.000,592.500,442.409,27001.000,9217.000,36.000,724,10,0,1
424,592.355,442.354,10939.000,5989.000,495.000,2031.000,10.000,592.300,442.400,26754.000,8934.000,36.000,724,10,0,1
425,592.557,442.235,11874.000,6429.000,495.000,2064.000,11.000,592.591,442.227,27106.000,9286.000,36.000,724,10,0,1
426,592.351,442.351,11309.000,6379.000,493.000,2131.000,10.000,592.300,442.400,27024.000,9276.000,36.000,724,10,0,1
427,592.396,442.250,11075.000,6115.000,496.000,1921.000,10.000,592.400,442.300,26768.000,8912.000,36.000,724,10,0,1
428,592.385,442.143,11216.000,6306.000,491.000,1801.000,10.000,592.400,442.200,26938.000,9262.000,36.000,724,10,0,1
429,592.375,442.013,12105.000,6638.000,497.000,1954.000,11.000,592.409,442.045,27347.000,9455.000,36.000,724,10,0,1
430,592.306,442.054,12766.000,6814.000,496.000,1869.000,12.000,592.250,442.083,27357.000,9501.000,36.000,724,10,0,1
431,592.433,442.253,11201.000,6281.000,492.000,2007.000,10.000,592.400,442.300,26736.000,9024.000,36.000,724,10,0,1
432,592.440,442.207,11140.000,6180.000,496.000,2033.000,10.000,592.400,442.200,26926.000,9070.000,36.000,724,10,0,1
433,592.485,442.276,12008.000,6574.000,494.000,2062.000,11.000,592.500,442.318,27291.000,9507.000,36.000,724,10,0,1
434,592.273,442.257,10437.000,5964.000,497.000,1992.000,9.000,592.167,442.278,26873.000,8981.000,36.000,724,10,0,1
435,592.383,442.342,11180.000,6240.000,494.000,2017.000,10.000,592.300,442.400,26944.000,9160.000,36.000,724,10,0,1
436,592.503,442.284,11809.000,6386.000,493.000,2097.000,11.000,592.500,442.318,26939.000,9191.000,36.000,724,10,0,1
437,592.377,442.341,11431.000,6451.000,498.000,2141.000,10.000,592.300,442.400,27449.000,9521.000,36.000,724,10,0,1
438,592.501,442.347,12001.000,6534.000,497.000,2064.000,11.000,592.500,442.409,27007.000,9115.000,36.000,724,10,0,1
439,592.505,442.282,12166.000,6688.000,498.000,2245.000,11.000,592.500,442.318,27171.000,9243.000,36.000,724,10,0,1
440,592.397,442.351,12762.000,6786.000,498.000,2065.000,12.000,592.333,442.417,27145.000,9217.000,36.000,724,10,0,1
441,592.523,442.283,12175.000,6708.000,497.000,2020.000,11.000,592.500,442.318,27404.000,9512.000,36.000,724,10,0,1
442,592.373,442.337,11225.000,6275.000,495.000,2068.000,10.000,592.300,442.400,27146.000,9326.000,36.000,724,10,0,1
443,592.443,442.201,11249.000,6289.000,496.000,2047.000,10.000,592.400,442.200,27192.000,9336.000,36.000,724,10,0,1
444,592.379,442.343,11209.000,6289.000,492.000,2115.000,10.000,592.300,442.400,26977.000,9265.000,36.000,724,10,0,1
445,592.508,442.292,12194.000,6749.000,495.000,2091.000,11.000,592.500,442.318,27361.000,9541.000,36.000,724,10,0,1
446,592.519,442.291,12138.000,6682.000,496.000,2060.000,11.000,592.500,442.318,27191.000,9335.000,36.000,724,10,0,1
447,592.459,442.210,11234.000,6304.000,493.000,2050.000,10.000,592.400,442.200,27148.000,9400.000,36.000,724,10,0,1
448,592.302,442.259,10520.000,6065.000,495.000,2073.000,9.000,592.167,442.278,27123.000,9303.000,36.000,724,10,0,1
449,592.444,442.206,11074.000,6134.000,494.000,2007.000,10.000,592.400,442.200,26844.000,9060.000,36.000,724,10,0,1
450,592.523,442.277,12035.000,6590.000,495.000,2150.000,11.000,592.500,442.318,27312.000,9492.000,36.000,724,10,0,1
