Slice,xc,yc,intdens,intsub,bgmedian,maxint,area,x,y,sqintdens,sqintsub,sqarea,threshold,animal,redFlag,useTracking
1,419.371,225.668,14499.000,8311.000,476.000,1525.000,13.000,419.346,225.654,28404.000,11268.000,36.000,724,1,0,1
2,419.250,225.465,16607.000,9242.000,491.000,1622.000,15.000,419.167,225.367,29711.000,12035.000,36.000,724,1,0,1
3,419.309,225.437,17215.000,9247.000,498.000,1713.000,16.000,419.250,225.312,29556.000,11628.000,36.000,724,1,0,1
4,419.249,225.459,16604.000,9179.000,495.000,1581.000,15.000,419.167,225.367,29852.000,12032.000,36.000,724,1,0,1
5,419.231,225.545,18047.000,9581.000,498.000,1643.000,17.000,419.147,225.500,29612.000,11684.000,36.000,724,1,0,1
6,419.220,225.448,18090.000,9692.000,494.000,1549.000,17.000,419.147,225.382,29835.000,12051.000,36.000,724,1,0,1
7,419.213,225.607,17851.000,9368.000,499.000,1544.000,17.000,419.147,225.618,29535.000,11571.000,36.000,724,1,0,1
8,419.155,225.406,17361.000,9409.000,497.000,1570.000,16.000,419.062,225.312,29837.000,11945.000,36.000,724,1,0,1
9,419.315,225.461,15682.000,8766.000,494.000,1662.000,14.000,419.286,225.357,29475.000,11691.000,36.000,724,1,0,1
10,419.264,225.671,17994.000,9511.000,499.000,1567.000,17.000,419.206,225.676,29647.000,11683.000,36.000,724,1,0,1
11,419.126,225.384,16034.000,9118.000,494.000,1570.000,14.000,419.000,225.286,29932.000,12148.000,36.000,724,1,0,1
12,419.146,225.361,17261.000,9325.000,496.000,1492.000,16.000,419.062,225.312,29720.000,11864.000,36.000,724,1,0,1
13,419.218,225.387,18142.000,9744.000,494.000,1568.000,17.000,419.147,225.324,29808.000,12024.000,36.000,724,1,0,1
14,419.048,225.351,16393.000,8893.000,500.000,1627.000,15.000,418.900,225.167,29533.000,11533.000,36.000,724,1,0,1
15,418.938,225.847,18695.000,9767.000,496.000,1739.000,18.000,418.833,225.833,29510.000,11654.000,36.000,724,1,0,1
16,419.002,226.113,17239.000,9319.000,495.000,1816.000,16.000,419.000,226.188,29363.000,11543.000,36.000,724,1,0,1
17,418.998,226.184,17142.000,9158.000,499.000,1732.000,16.000,419.000,226.188,29385.000,11421.000,36.000,724,1,0,1
18,418.901,226.218,16255.000,8830.000,495.000,1654.000,15.000,418.900,226.167,28972.000,11152.000,36.000,724,1,0,1
19,418.875,226.444,16254.000,8799.000,497.000,1656.000,15.000,418.833,226.433,29043.000,11151.000,36.000,724,1,0,1
20,419.026,226.262,17408.000,9408.000,500.000,1734.000,16.000,419.000,226.188,29611.000,11611.000,36.000,724,1,0,1
21,419.132,225.914,17107.000,9091.000,501.000,1657.000,16.000,419.000,225.875,29289.000,11253.000,36.000,724,1,0,1
22,419.257,225.830,17087.000,9151.000,496.000,1571.000,16.000,419.188,225.875,29500.000,11644.000,36.000,724,1,0,1
23,419.055,225.332,16327.000,8857.000,498.000,1607.000,15.000,418.900,225.167,29546.000,11618.000,36.000,724,1,0,1
24,419.213,225.553,18166.000,9734.000,496.000,1666.000,17.000,419.147,225.500,29875.000,12019.000,36.000,724,1,0,1
25,419.174,225.444,17451.000,9515.000,496.000,1635.000,16.000,419.062,225.312,29903.000,12047.000,36.000,724,1,0,1
26,419.109,225.483,17908.000,9476.000,496.000,1714.000,17.000,418.971,225.382,29699.000,11843.000,36.000,724,1,0,1
27,419.137,225.328,15842.000,8912.000,495.000,1679.000,14.000,419.000,225.143,29719.000,11899.000,36.000,724,1,0,1
28,419.222,225.638,17195.000,9291.000,494.000,1654.000,16.000,419.125,225.562,29644.000,11860.000,36.000,724,1,0,1
29,419.281,225.669,16271.000,8816.000,497.000,1614.000,15.000,419.233,225.633,29353.000,11461.000,36.000,724,1,0,1
30,419.165,225.432,17287.000,9383.000,494.000,1611.000,16.000,419.062,225.312,29806.000,12022.000,36.000,724,1,0,1
31,419.145,225.598,18571.000,9625.000,497.000,1613.000,18.000,419.056,225.556,29558.000,11666.000,36.000,724,1,0,1
32,419.157,225.443,17190.000,9286.000,494.000,1680.000,16.000,419.062,225.312,29532.000,11748.000,36.000,724,1,0,1
33,419.035,225.316,16669.000,9214.000,497.000,1607.000,15.000,418.900,225.167,29811.000,11919.000,36.000,724,1,0,1
34,419.152,225.330,16467.000,9042.000,495.000,1544.000,15.000,419.100,225.300,29474.000,11654.000,36.000,724,1,0,1
35,418.956,225.064,18129.000,9646.000,499.000,1702.000,17.000,418.912,225.029,29691.000,11727.000,36.000,724,1,0,1
36,419.013,225.198,17296.000,9376.000,495.000,1665.000,16.000,419.000,225.188,29653.000,11833.000,36.000,724,1,0,1
37,418.953,225.270,17804.000,9355.000,497.000,1628.000,17.000,418.912,225.265,29242.000,11350.000,36.000,724,1,0,1
38,418.929,225.251,16677.000,9282.000,493.000,1794.000,15.000,418.900,225.167,29592.000,11844.000,36.000,724,1,0,1
39,419.007,225.414,15936.000,9020.000,494.000,1760.000,14.000,418.929,225.357,29563.000,11779.000,36.000,724,1,0,1
40,418.901,225.077,17871.000,9405.000,498.000,1600.000,17.000,418.912,225.029,29479.000,11551.000,36.000,724,1,0,1
41,418.890,225.348,17328.000,9392.000,496.000,1731.000,16.000,418.812,225.250,29715.000,11859.000,36.000,724,1,0,1
42,419.049,225.266,17463.000,9607.000,491.000,1614.000,16.000,419.000,225.188,29805.000,12129.000,36.000,724,1,0,1
43,419.030,225.183,17018.000,9098.000,495.000,1700.000,16.000,419.000,225.188,29410.000,11590.000,36.000,724,1,0,1
44,418.885,224.885,17443.000,9571.000,492.000,1640.000,16.000,418.875,224.875,29471.000,11759.000,36.000,724,1,0,1
45,418.911,225.003,17970.000,9555.000,495.000,1760.000,17.000,418.912,225.029,29529.000,11709.000,36.000,724,1,0,1
46,418.962,225.290,18062.000,9715.000,491.000,1549.000,17.000,418.912,225.265,29593.000,11917.000,36.000,724,1,0,1
47,418.972,225.420,16975.000,9055.000,495.000,1703.000,16.000,418.875,225.312,29289.000,11469.000,36.000,724,1,0,1
48,419.008,225.358,17780.000,9348.000,496.000,1591.000,17.000,418.912,225.206,29368.000,11512.000,36.000,724,1,0,1
49,418.962,225.633,18668.000,9686.000,499.000,1659.000,18.000,418.889,225.556,29524.000,11560.000,36.000,724,1,0,1
50,418.889,226.086,18899.000,10043.000,492.000,1701.000,18.000,418.833,226.111,29859.000,12147.000,36.000,724,1,0,1
51,418.947,226.095,18309.000,9843.000,498.000,1579.000,17.000,418.912,226.029,29746.000,11818.000,36.000,724,1,0,1
52,418.945,226.078,18109.000,9660.000,497.000,1679.000,17.000,418.912,226.029,29748.000,11856.000,36.000,724,1,0,1
53,418.942,226.071,18115.000,9717.000,494.000,1616.000,17.000,418.912,226.029,29691.000,11907.000,36.000,724,1,0,1
54,419.036,226.143,17252.000,9236.000,501.000,1651.000,16.000,419.000,226.188,29700.000,11664.000,36.000,724,1,0,1
55,419.031,225.971,17352.000,9368.000,499.000,1635.000,16.000,419.000,226.000,29458.000,11494.000,36.000,724,1,0,1
56,419.009,225.715,17337.000,9385.000,497.000,1651.000,16.000,418.938,225.625,29538.000,11646.000,36.000,724,1,0,1
57,419.073,225.745,19418.000,9994.000,496.000,1721.000,19.000,419.026,225.658,29383.000,11527.000,36.000,724,1,0,1
58,419.013,225.700,17253.000,9253.000,500.000,1653.000,16.000,418.938,225.625,29450.000,11450.000,36.000,724,1,0,1
59,418.979,225.919,18812.000,9830.000,499.000,1698.000,18.000,418.944,225.889,29547.000,11583.000,36.000,724,1,0,1
60,418.934,226.053,18298.000,9781.000,501.000,1762.000,17.000,418.912,226.029,29961.000,11925.000,36.000,724,1,0,1
61,418.967,226.209,17222.000,9190.000,502.000,1561.000,16.000,419.000,226.188,29542.000,11470.000,36.000,724,1,0,1
62,418.861,226.313,15974.000,8974.000,500.000,1723.000,14.000,418.857,226.286,29563.000,11563.000,36.000,724,1,0,1
63,418.932,226.210,16800.000,9225.000,505.000,1739.000,15.000,418.900,226.167,29767.000,11587.000,36.000,724,1,0,1
64,419.031,226.216,17206.000,9222.000,499.000,1652.000,16.000,419.000,226.188,29616.000,11652.000,36.000,724,1,0,1
65,419.153,225.980,17566.000,9646.000,495.000,1675.000,16.000,419.062,225.938,29487.000,11667.000,36.000,724,1,0,1
66,419.324,225.863,16637.000,9152.000,499.000,1734.000,15.000,419.300,225.833,29482.000,11518.000,36.000,724,1,0,1
67,419.332,225.766,16644.000,9204.000,496.000,1706.000,15.000,419.300,225.700,29582.000,11726.000,36.000,724,1,0,1
68,419.104,225.649,17193.000,9257.000,496.000,1621.000,16.000,419.000,225.562,29340.000,11484.000,36.000,724,1,0,1
69,419.040,225.362,16417.000,9067.000,490.000,1586.000,15.000,418.900,225.167,29535.000,11895.000,36.000,724,1,0,1
70,419.020,225.300,16606.000,9121.000,499.000,1609.000,15.000,418.900,225.167,29718.000,11754.000,36.000,724,1,0,1
71,419.038,225.368,16624.000,9154.000,498.000,1577.000,15.000,418.900,225.167,29628.000,11700.000,36.000,724,1,0,1
72,419.018,225.554,18018.000,9671.000,491.000,1692.000,17.000,418.912,225.441,29631.000,11955.000,36.000,724,1,0,1
73,419.075,225.499,17227.000,9339.000,493.000,1702.000,16.000,419.000,225.375,29529.000,11781.000,36.000,724,1,0,1
74,419.020,225.554,17909.000,9443.000,498.000,1580.000,17.000,418.912,225.441,29683.000,11755.000,36.000,724,1,0,1
75,419.082,225.505,17449.000,9609.000,490.000,1614.000,16.000,419.000,225.375,29805.000,12165.000,36.000,724,1,0,1
76,419.019,225.562,18067.000,9703.000,492.000,1682.000,17.000,418.912,225.441,29575.000,11863.000,36.000,724,1,0,1
77,418.941,225.420,17602.000,9714.000,493.000,1653.000,16.000,418.812,225.250,29873.000,12125.000,36.000,724,1,0,1
78,419.036,225.695,17221.000,9269.000,497.000,1639.000,16.000,418.938,225.625,29486.000,11594.000,36.000,724,1,0,1
79,419.004,225.566,18010.000,9578.000,496.000,1694.000,17.000,418.912,225.441,29695.000,11839.000,36.000,724,1,0,1
80,419.004,225.546,17938.000,9489.000,497.000,1623.000,17.000,418.912,225.441,29413.000,11521.000,36.000,724,1,0,1
81,418.983,225.624,18676.000,9712.000,498.000,1646.000,18.000,418.889,225.556,29495.000,11567.000,36.000,724,1,0,1
82,418.943,225.420,17375.000,9423.000,497.000,1647.000,16.000,418.812,225.250,29629.000,11737.000,36.000,724,1,0,1
83,418.939,225.427,17246.000,9262.000,499.000,1646.000,16.000,418.812,225.250,29532.000,11568.000,36.000,724,1,0,1
84,419.058,225.607,18021.000,9606.000,495.000,1673.000,17.000,418.971,225.500,29609.000,11789.000,36.000,724,1,0,1
85,419.009,225.544,18029.000,9631.000,494.000,1609.000,17.000,418.912,225.441,29837.000,12053.000,36.000,724,1,0,1
86,419.076,225.499,17085.000,9149.000,496.000,1617.000,16.000,419.000,225.375,29564.000,11708.000,36.000,724,1,0,1
87,418.948,225.412,16960.000,8960.000,500.000,1587.000,16.000,418.812,225.250,29288.000,11288.000,36.000,724,1,0,1
88,419.076,225.710,17400.000,9480.000,495.000,1650.000,16.000,419.000,225.688,29678.000,11858.000,36.000,724,1,0,1
89,418.996,225.647,18834.000,9978.000,492.000,1691.000,18.000,418.889,225.556,29823.000,12111.000,36.000,724,1,0,1
90,418.999,225.338,16602.000,9147.000,497.000,1602.000,15.000,418.900,225.167,29469.000,11577.000,36.000,724,1,0,1
91,418.955,224.990,17252.000,9332.000,495.000,1655.000,16.000,418.938,224.938,29215.000,11395.000,36.000,724,1,0,1
92,418.812,224.648,15850.000,8934.000,494.000,1708.000,14.000,418.786,224.571,29347.000,11563.000,36.000,724,1,0,1
93,418.663,224.572,15359.000,8885.000,498.000,1737.000,13.000,418.731,224.654,29861.000,11933.000,36.000,724,1,0,1
94,418.484,224.786,15835.000,8961.000,491.000,1584.000,14.000,418.500,224.857,29645.000,11969.000,36.000,724,1,0,1
95,418.729,225.257,17349.000,9397.000,497.000,1526.000,16.000,418.688,225.188,29620.000,11728.000,36.000,724,1,0,1
96,418.885,225.397,15782.000,8838.000,496.000,1651.000,14.000,418.857,225.286,29458.000,11602.000,36.000,724,1,0,1
97,418.895,225.595,17069.000,9053.000,501.000,1705.000,16.000,418.875,225.562,29374.000,11338.000,36.000,724,1,0,1
98,418.834,225.457,16505.000,9080.000,495.000,1612.000,15.000,418.767,225.367,29675.000,11855.000,36.000,724,1,0,1
99,418.828,225.423,16626.000,9141.000,499.000,1611.000,15.000,418.767,225.367,29771.000,11807.000,36.000,724,1,0,1
100,418.886,225.373,15757.000,8869.000,492.000,1659.000,14.000,418.857,225.286,29491.000,11779.000,36.000,724,1,0,1
101,418.829,225.457,16550.000,9095.000,497.000,1669.000,15.000,418.767,225.367,29793.000,11901.000,36.000,724,1,0,1
102,418.825,225.443,16104.000,8739.000,491.000,1523.000,15.000,418.767,225.367,29088.000,11412.000,36.000,724,1,0,1
103,418.929,225.626,16721.000,8769.000,497.000,1544.000,16.000,418.875,225.562,29248.000,11356.000,36.000,724,1,0,1
104,418.823,225.439,16519.000,9109.000,494.000,1674.000,15.000,418.767,225.367,29618.000,11834.000,36.000,724,1,0,1
105,418.980,225.464,17996.000,9513.000,499.000,1614.000,17.000,418.971,225.382,29661.000,11697.000,36.000,724,1,0,1
106,418.785,225.327,17043.000,9107.000,496.000,1657.000,16.000,418.688,225.188,29203.000,11347.000,36.000,724,1,0,1
107,418.904,225.413,15756.000,8812.000,496.000,1599.000,14.000,418.857,225.286,29641.000,11785.000,36.000,724,1,0,1
108,418.921,225.422,15770.000,8868.000,493.000,1544.000,14.000,418.857,225.286,29515.000,11767.000,36.000,724,1,0,1
109,418.936,225.390,17106.000,9186.000,495.000,1588.000,16.000,418.812,225.250,29613.000,11793.000,36.000,724,1,0,1
110,419.014,225.324,16375.000,8920.000,497.000,1544.000,15.000,418.900,225.167,29544.000,11652.000,36.000,724,1,0,1
111,419.012,225.323,16534.000,9064.000,498.000,1547.000,15.000,418.900,225.167,29730.000,11802.000,36.000,724,1,0,1
112,418.995,225.318,16567.000,9097.000,498.000,1611.000,15.000,418.900,225.167,29558.000,11630.000,36.000,724,1,0,1
113,418.998,225.338,16482.000,9027.000,497.000,1687.000,15.000,418.900,225.167,29453.000,11561.000,36.000,724,1,0,1
114,418.948,225.408,17353.000,9401.000,497.000,1670.000,16.000,418.812,225.250,29643.000,11751.000,36.000,724,1,0,1
115,419.178,225.558,17912.000,9514.000,494.000,1580.000,17.000,419.147,225.500,29640.000,11856.000,36.000,724,1,0,1
116,419.189,225.575,17732.000,9334.000,494.000,1540.000,17.000,419.147,225.500,29411.000,11627.000,36.000,724,1,0,1
117,419.107,225.610,18529.000,9601.000,496.000,1594.000,18.000,419.056,225.556,29414.000,11558.000,36.000,724,1,0,1
118,418.961,225.435,17125.000,9189.000,496.000,1652.000,16.000,418.812,225.250,29480.000,11624.000,36.000,724,1,0,1
119,419.028,225.381,16650.000,9240.000,494.000,1705.000,15.000,418.900,225.167,29885.000,12101.000,36.000,724,1,0,1
120,418.882,225.645,17298.000,9362.000,496.000,1662.000,16.000,418.875,225.562,29488.000,11632.000,36.000,724,1,0,1
121,418.729,225.893,16535.000,9065.000,498.000,1722.000,15.000,418.767,225.967,29466.000,11538.000,36.000,724,1,0,1
122,418.617,225.661,15802.000,8886.000,494.000,1783.000,14.000,418.571,225.571,29625.000,11841.000,36.000,724,1,0,1
123,418.456,225.623,16524.000,9069.000,497.000,1706.000,15.000,418.367,225.567,29372.000,11480.000,36.000,724,1,0,1
124,418.690,225.623,16557.000,9117.000,496.000,1704.000,15.000,418.700,225.567,29809.000,11953.000,36.000,724,1,0,1
125,418.644,225.606,16652.000,9212.000,496.000,1673.000,15.000,418.633,225.567,29802.000,11946.000,36.000,724,1,0,1
126,418.601,225.364,16573.000,9118.000,497.000,1626.000,15.000,418.567,225.300,29761.000,11869.000,36.000,724,1,0,1
127,418.421,225.046,16610.000,9170.000,496.000,1783.000,15.000,418.367,225.033,29593.000,11737.000,36.000,724,1,0,1
128,418.379,224.887,16876.000,9391.000,499.000,1822.000,15.000,418.300,224.767,29633.000,11669.000,36.000,724,1,0,1
129,418.606,225.336,17244.000,9324.000,495.000,1745.000,16.000,418.625,225.375,29776.000,11956.000,36.000,724,1,0,1
130,418.575,225.254,17577.000,9657.000,495.000,1839.000,16.000,418.562,225.250,30114.000,12294.000,36.000,724,1,0,1
131,418.503,225.178,17474.000,9570.000,494.000,1865.000,16.000,418.500,225.188,29693.000,11909.000,36.000,724,1,0,1
132,418.511,225.159,17286.000,9286.000,500.000,1743.000,16.000,418.500,225.125,29863.000,11863.000,36.000,724,1,0,1
133,418.628,225.389,17239.000,9223.000,501.000,1681.000,16.000,418.625,225.375,29632.000,11596.000,36.000,724,1,0,1
134,418.627,225.432,17286.000,9366.000,495.000,1613.000,16.000,418.625,225.375,29684.000,11864.000,36.000,724,1,0,1
135,418.792,226.077,16679.000,9224.000,497.000,1681.000,15.000,418.833,226.167,29697.000,11805.000,36.000,724,1,0,1
136,418.764,226.135,16510.000,9040.000,498.000,1662.000,15.000,418.767,226.100,29465.000,11537.000,36.000,724,1,0,1
137,418.809,226.173,16301.000,8816.000,499.000,1589.000,15.000,418.767,226.100,29364.000,11400.000,36.000,724,1,0,1
138,418.943,226.015,17685.000,9253.000,496.000,1651.000,17.000,418.912,226.029,29147.000,11291.000,36.000,724,1,0,1
139,418.896,225.744,18057.000,9591.000,498.000,1663.000,17.000,418.912,225.735,29516.000,11588.000,36.000,724,1,0,1
140,418.893,225.984,18009.000,9543.000,498.000,1619.000,17.000,418.912,226.029,29448.000,11520.000,36.000,724,1,0,1
141,418.930,225.918,17304.000,9368.000,496.000,1597.000,16.000,418.938,225.938,29478.000,11622.000,36.000,724,1,0,1
142,418.894,225.882,18822.000,9912.000,495.000,1697.000,18.000,418.889,225.833,29392.000,11572.000,36.000,724,1,0,1
143,418.929,226.041,18112.000,9714.000,494.000,1635.000,17.000,418.912,226.029,29657.000,11873.000,36.000,724,1,0,1
144,418.918,226.009,17922.000,9490.000,496.000,1639.000,17.000,418.912,226.029,29457.000,11601.000,36.000,724,1,0,1
145,418.931,226.058,17889.000,9406.000,499.000,1470.000,17.000,418.912,226.029,29326.000,11362.000,36.000,724,1,0,1
146,418.972,226.014,17304.000,9400.000,494.000,1554.000,16.000,418.938,225.938,29590.000,11806.000,36.000,724,1,0,1
147,419.030,226.199,17312.000,9328.000,499.000,1518.000,16.000,419.000,226.188,29794.000,11830.000,36.000,724,1,0,1
148,419.040,226.204,17390.000,9406.000,499.000,1694.000,16.000,419.000,226.188,29909.000,11945.000,36.000,724,1,0,1
149,419.041,225.722,18773.000,9773.000,500.000,1632.000,18.000,418.944,225.611,29618.000,11618.000,36.000,724,1,0,1
150,419.113,225.843,16338.000,8943.000,493.000,1629.000,15.000,419.033,225.767,29330.000,11582.000,36.000,724,1,0,1
151,419.181,225.598,17863.000,9499.000,492.000,1612.000,17.000,419.147,225.500,29496.000,11784.000,36.000,724,1,0,1
152,418.991,225.628,18786.000,9822.000,498.000,1597.000,18.000,418.889,225.556,29697.000,11769.000,36.000,724,1,0,1
153,418.954,225.895,17213.000,9293.000,495.000,1702.000,16.000,418.875,225.875,29310.000,11490.000,36.000,724,1,0,1
154,418.917,225.992,18080.000,9580.000,500.000,1653.000,17.000,418.912,226.029,29414.000,11414.000,36.000,724,1,0,1
155,418.945,226.144,17144.000,9208.000,496.000,1694.000,16.000,419.000,226.188,29080.000,11224.000,36.000,724,1,0,1
156,418.868,226.167,16355.000,8930.000,495.000,1760.000,15.000,418.900,226.167,29175.000,11355.000,36.000,724,1,0,1
157,418.986,226.221,17261.000,9309.000,497.000,1759.000,16.000,419.000,226.188,29322.000,11430.000,36.000,724,1,0,1
158,418.937,226.230,16465.000,8980.000,499.000,1657.000,15.000,418.900,226.167,29337.000,11373.000,36.000,724,1,0,1
159,419.014,226.246,17261.000,9277.000,499.000,1723.000,16.000,419.000,226.188,29616.000,11652.000,36.000,724,1,0,1
160,419.001,226.207,17229.000,9325.000,494.000,1732.000,16.000,419.000,226.188,29287.000,11503.000,36.000,724,1,0,1
161,418.994,225.983,16969.000,9065.000,494.000,1690.000,16.000,418.938,225.938,28914.000,11130.000,36.000,724,1,0,1
162,419.012,225.670,18630.000,9666.000,498.000,1606.000,18.000,418.889,225.556,29492.000,11564.000,36.000,724,1,0,1
163,419.028,225.380,16332.000,8907.000,495.000,1622.000,15.000,418.900,225.167,29604.000,11784.000,36.000,724,1,0,1
164,419.181,225.623,16236.000,8781.000,497.000,1613.000,15.000,419.100,225.500,29237.000,11345.000,36.000,724,1,0,1
165,419.235,225.854,17015.000,9111.000,494.000,1613.000,16.000,419.188,225.875,29214.000,11430.000,36.000,724,1,0,1
166,419.113,225.459,15645.000,8701.000,496.000,1666.000,14.000,419.000,225.286,29511.000,11655.000,36.000,724,1,0,1
167,419.128,225.682,18847.000,9919.000,496.000,1639.000,18.000,419.056,225.611,29699.000,11843.000,36.000,724,1,0,1
168,419.142,225.658,18833.000,9941.000,494.000,1655.000,18.000,419.056,225.556,29858.000,12074.000,36.000,724,1,0,1
169,419.131,225.829,18939.000,9957.000,499.000,1654.000,18.000,419.056,225.833,29879.000,11915.000,36.000,724,1,0,1
170,419.079,225.536,17076.000,9140.000,496.000,1654.000,16.000,419.000,225.375,29356.000,11500.000,36.000,724,1,0,1
171,418.979,225.804,18104.000,9672.000,496.000,1699.000,17.000,418.912,225.735,29477.000,11621.000,36.000,724,1,0,1
172,418.982,225.970,17266.000,9378.000,493.000,1614.000,16.000,418.938,225.938,29053.000,11305.000,36.000,724,1,0,1
173,418.966,225.864,16434.000,9024.000,494.000,1663.000,15.000,418.900,225.767,29016.000,11232.000,36.000,724,1,0,1
174,419.030,225.707,17286.000,9366.000,495.000,1571.000,16.000,418.938,225.625,29654.000,11834.000,36.000,724,1,0,1
175,418.968,225.689,17073.000,9249.000,489.000,1621.000,16.000,418.875,225.562,29190.000,11586.000,36.000,724,1,0,1
176,418.956,225.684,17403.000,9403.000,500.000,1676.000,16.000,418.875,225.562,29653.000,11653.000,36.000,724,1,0,1
177,418.921,225.863,17237.000,9365.000,492.000,1658.000,16.000,418.875,225.875,29411.000,11699.000,36.000,724,1,0,1
178,418.802,225.450,16659.000,9174.000,499.000,1549.000,15.000,418.767,225.367,29595.000,11631.000,36.000,724,1,0,1
179,418.613,225.291,17386.000,9450.000,496.000,1708.000,16.000,418.625,225.375,29739.000,11883.000,36.000,724,1,0,1
180,418.473,225.050,16784.000,9359.000,495.000,1914.000,15.000,418.433,224.967,30046.000,12226.000,36.000,724,1,0,1
181,418.447,225.020,15490.000,8588.000,493.000,1709.000,14.000,418.429,224.929,29179.000,11431.000,36.000,724,1,0,1
182,418.645,225.148,15707.000,8791.000,494.000,1798.000,14.000,418.714,225.143,29630.000,11846.000,36.000,724,1,0,1
183,418.388,224.887,16558.000,9133.000,495.000,1921.000,15.000,418.300,224.767,29351.000,11531.000,36.000,724,1,0,1
184,418.310,224.922,17173.000,9269.000,494.000,1656.000,16.000,418.250,224.875,29255.000,11471.000,36.000,724,1,0,1
185,418.245,225.022,17815.000,9400.000,495.000,1743.000,17.000,418.147,224.971,29599.000,11779.000,36.000,724,1,0,1
186,418.350,225.031,16480.000,9025.000,497.000,1709.000,15.000,418.300,224.967,29628.000,11736.000,36.000,724,1,0,1
187,418.336,225.218,17984.000,9535.000,497.000,1717.000,17.000,418.265,225.206,29819.000,11927.000,36.000,724,1,0,1
188,418.506,225.390,17943.000,9545.000,494.000,1741.000,17.000,418.500,225.382,29794.000,12010.000,36.000,724,1,0,1
189,418.511,225.392,17622.000,9207.000,495.000,1512.000,17.000,418.500,225.324,29625.000,11805.000,36.000,724,1,0,1
190,418.445,225.455,18030.000,9615.000,495.000,1694.000,17.000,418.382,225.382,30033.000,12213.000,36.000,724,1,0,1
191,418.524,225.479,17096.000,9128.000,498.000,1654.000,16.000,418.500,225.438,29606.000,11678.000,36.000,724,1,0,1
192,418.521,225.404,18199.000,9733.000,498.000,1687.000,17.000,418.500,225.382,30056.000,12128.000,36.000,724,1,0,1
193,418.606,225.287,16512.000,9087.000,495.000,1748.000,15.000,418.633,225.233,29599.000,11779.000,36.000,724,1,0,1
194,418.516,225.365,17819.000,9387.000,496.000,1654.000,17.000,418.500,225.324,29681.000,11825.000,36.000,724,1,0,1
195,418.519,225.437,17099.000,9163.000,496.000,1582.000,16.000,418.500,225.375,29757.000,11901.000,36.000,724,1,0,1
196,418.446,225.375,17812.000,9329.000,499.000,1623.000,17.000,418.382,225.265,29635.000,11671.000,36.000,724,1,0,1
197,418.611,225.436,17135.000,9247.000,493.000,1706.000,16.000,418.625,225.375,29932.000,12184.000,36.000,724,1,0,1
198,418.605,225.593,16401.000,8931.000,498.000,1589.000,15.000,418.633,225.567,29597.000,11669.000,36.000,724,1,0,1
199,418.449,225.487,16318.000,8908.000,494.000,1707.000,15.000,418.367,225.367,29585.000,11801.000,36.000,724,1,0,1
200,418.440,225.371,18756.000,9828.000,496.000,1688.000,18.000,418.389,225.222,29873.000,12017.000,36.000,724,1,0,1
201,418.503,225.537,15503.000,8545.000,497.000,1609.000,14.000,418.500,225.500,29519.000,11627.000,36.000,724,1,0,1
202,418.506,225.481,17725.000,9225.000,500.000,1644.000,17.000,418.500,225.382,29683.000,11683.000,36.000,724,1,0,1
203,418.416,225.475,17932.000,9517.000,495.000,1605.000,17.000,418.382,225.441,29971.000,12151.000,36.000,724,1,0,1
204,418.432,225.575,18848.000,9902.000,497.000,1635.000,18.000,418.389,225.556,29995.000,12103.000,36.000,724,1,0,1
205,418.417,225.342,18684.000,9774.000,495.000,1653.000,18.000,418.389,225.222,29803.000,11983.000,36.000,724,1,0,1
206,418.508,225.497,17244.000,9292.000,497.000,1703.000,16.000,418.500,225.438,29777.000,11885.000,36.000,724,1,0,1
207,418.337,225.429,18466.000,9574.000,494.000,1592.000,18.000,418.278,225.389,29657.000,11873.000,36.000,724,1,0,1
208,418.556,225.318,17091.000,9155.000,496.000,1583.000,16.000,418.562,225.250,29557.000,11701.000,36.000,724,1,0,1
209,418.454,225.347,18547.000,9583.000,498.000,1739.000,18.000,418.389,225.278,29805.000,11877.000,36.000,724,1,0,1
210,418.437,225.322,18602.000,9674.000,496.000,1767.000,18.000,418.389,225.278,29717.000,11861.000,36.000,724,1,0,1
211,418.436,225.129,17827.000,9395.000,496.000,1934.000,17.000,418.382,225.088,29665.000,11809.000,36.000,724,1,0,1
212,418.233,224.722,17269.000,9301.000,498.000,1658.000,16.000,418.188,224.688,29692.000,11764.000,36.000,724,1,0,1
213,418.047,224.718,17209.000,9353.000,491.000,1621.000,16.000,417.938,224.625,29472.000,11796.000,36.000,724,1,0,1
214,418.230,225.649,15746.000,8788.000,497.000,1528.000,14.000,418.143,225.571,29745.000,11853.000,36.000,724,1,0,1
215,418.121,225.884,17010.000,9090.000,495.000,1683.000,16.000,418.000,225.812,29437.000,11617.000,36.000,724,1,0,1
216,418.222,225.967,15754.000,8782.000,498.000,1640.000,14.000,418.143,225.857,28842.000,10914.000,36.000,724,1,0,1
217,418.220,225.764,16380.000,8865.000,501.000,1749.000,15.000,418.100,225.700,29362.000,11326.000,36.000,724,1,0,1
218,418.425,225.703,16124.000,8699.000,495.000,1594.000,15.000,418.367,225.700,29361.000,11541.000,36.000,724,1,0,1
219,418.585,225.629,17551.000,9187.000,492.000,1576.000,17.000,418.618,225.618,29463.000,11751.000,36.000,724,1,0,1
220,418.259,225.424,17803.000,9473.000,490.000,1690.000,17.000,418.147,225.324,29726.000,12086.000,36.000,724,1,0,1
221,418.504,225.575,17184.000,9184.000,500.000,1632.000,16.000,418.500,225.562,29857.000,11857.000,36.000,724,1,0,1
222,418.401,225.525,16233.000,8823.000,494.000,1548.000,15.000,418.367,225.500,29540.000,11756.000,36.000,724,1,0,1
223,418.347,225.331,19228.000,9823.000,495.000,1613.000,19.000,418.289,225.237,29678.000,11858.000,36.000,724,1,0,1
224,418.196,225.296,18745.000,9835.000,495.000,1620.000,18.000,418.056,225.167,29794.000,11974.000,36.000,724,1,0,1
225,418.208,225.421,16862.000,8894.000,498.000,1656.000,16.000,418.062,225.312,29346.000,11418.000,36.000,724,1,0,1
226,418.332,225.508,16785.000,8865.000,495.000,1590.000,16.000,418.250,225.438,29370.000,11550.000,36.000,724,1,0,1
227,418.347,225.455,18519.000,9537.000,499.000,1631.000,18.000,418.278,225.389,29771.000,11807.000,36.000,724,1,0,1
228,418.480,225.570,16969.000,9049.000,495.000,1593.000,16.000,418.500,225.562,29405.000,11585.000,36.000,724,1,0,1
229,418.431,225.563,17859.000,9376.000,499.000,1746.000,17.000,418.382,225.500,29799.000,11835.000,36.000,724,1,0,1
230,418.330,225.471,17099.000,9099.000,500.000,1698.000,16.000,418.250,225.375,29651.000,11651.000,36.000,724,1,0,1
231,418.424,225.310,16990.000,9022.000,498.000,1584.000,16.000,418.375,225.188,29441.000,11513.000,36.000,724,1,0,1
232,418.423,225.362,18551.000,9695.000,492.000,1605.000,18.000,418.389,225.278,29693.000,11981.000,36.000,724,1,0,1
233,418.269,225.275,18409.000,9481.000,496.000,1612.000,18.000,418.167,225.167,29569.000,11713.000,36.000,724,1,0,1
234,418.418,225.470,16314.000,8904.000,494.000,1619.000,15.000,418.367,225.433,29349.000,11565.000,36.000,724,1,0,1
235,418.522,225.458,16833.000,8913.000,495.000,1637.000,16.000,418.500,225.375,29465.000,11645.000,36.000,724,1,0,1
236,418.508,225.575,18700.000,9790.000,495.000,1624.000,18.000,418.500,225.556,29826.000,12006.000,36.000,724,1,0,1
237,418.364,225.285,19302.000,9859.000,497.000,1656.000,19.000,418.289,225.184,29750.000,11858.000,36.000,724,1,0,1
238,418.304,225.239,19919.000,10039.000,494.000,1576.000,20.000,418.200,225.100,29640.000,11856.000,36.000,724,1,0,1
239,418.432,225.307,18655.000,9709.000,497.000,1677.000,18.000,418.389,225.222,29762.000,11870.000,36.000,724,1,0,1
240,418.424,225.413,16378.000,8893.000,499.000,1672.000,15.000,418.367,225.367,29600.000,11636.000,36.000,724,1,0,1
241,418.432,225.472,18047.000,9581.000,498.000,1619.000,17.000,418.382,225.441,29907.000,11979.000,36.000,724,1,0,1
242,418.431,225.302,18635.000,9689.000,497.000,1672.000,18.000,418.389,225.222,29681.000,11789.000,36.000,724,1,0,1
243,418.513,225.427,17508.000,9042.000,498.000,1629.000,17.000,418.500,225.382,29418.000,11490.000,36.000,724,1,0,1
244,418.606,225.547,16078.000,8653.000,495.000,1656.000,15.000,418.633,225.567,29389.000,11569.000,36.000,724,1,0,1
245,418.436,225.426,18032.000,9617.000,495.000,1683.000,17.000,418.382,225.382,29798.000,11978.000,36.000,724,1,0,1
246,418.420,225.253,16918.000,8998.000,495.000,1619.000,16.000,418.375,225.125,29460.000,11640.000,36.000,724,1,0,1
247,418.427,225.429,17811.000,9345.000,498.000,1703.000,17.000,418.382,225.382,29613.000,11685.000,36.000,724,1,0,1
248,418.363,225.331,19331.000,9888.000,497.000,1658.000,19.000,418.289,225.237,29686.000,11794.000,36.000,724,1,0,1
249,418.428,225.368,18658.000,9766.000,494.000,1725.000,18.000,418.389,225.278,29819.000,12035.000,36.000,724,1,0,1
250,418.420,225.480,17891.000,9442.000,497.000,1631.000,17.000,418.382,225.441,29716.000,11824.000,36.000,724,1,0,1
251,418.426,225.533,18021.000,9640.000,493.000,1663.000,17.000,418.382,225.500,29956.000,12208.000,36.000,724,1,0,1
252,418.315,225.436,17192.000,9288.000,494.000,1646.000,16.000,418.250,225.375,29774.000,11990.000,36.000,724,1,0,1
253,418.085,225.483,17431.000,9607.000,489.000,1536.000,16.000,418.000,225.375,29882.000,12278.000,36.000,724,1,0,1
254,417.934,225.411,17400.000,9448.000,497.000,1558.000,16.000,417.812,225.250,29693.000,11801.000,36.000,724,1,0,1
255,418.075,225.519,17066.000,9098.000,498.000,1590.000,16.000,418.000,225.375,29482.000,11554.000,36.000,724,1,0,1
256,417.987,225.280,16583.000,9188.000,493.000,1527.000,15.000,417.900,225.167,29548.000,11800.000,36.000,724,1,0,1
257,417.954,225.053,17888.000,9456.000,496.000,1552.000,17.000,417.912,225.029,29553.000,11697.000,36.000,724,1,0,1
258,417.780,224.644,14978.000,8569.000,493.000,1677.000,13.000,417.731,224.654,29277.000,11529.000,36.000,724,1,0,1
259,417.408,224.203,15666.000,8708.000,497.000,1813.000,14.000,417.357,224.143,29611.000,11719.000,36.000,724,1,0,1
260,417.166,224.344,16193.000,8798.000,493.000,1628.000,15.000,417.100,224.300,29142.000,11394.000,36.000,724,1,0,1
261,417.216,224.538,15670.000,8698.000,498.000,1605.000,14.000,417.143,224.500,29185.000,11257.000,36.000,724,1,0,1
262,416.939,224.512,15277.000,8842.000,495.000,1629.000,13.000,416.885,224.500,29565.000,11745.000,36.000,724,1,0,1
263,417.647,225.584,16570.000,9100.000,498.000,1662.000,15.000,417.633,225.567,29625.000,11697.000,36.000,724,1,0,1
264,417.834,225.642,15978.000,8992.000,499.000,1624.000,14.000,417.786,225.571,29568.000,11604.000,36.000,724,1,0,1
265,417.896,225.888,17264.000,9296.000,498.000,1638.000,16.000,417.875,225.875,29238.000,11310.000,36.000,724,1,0,1
266,417.860,226.088,17537.000,9601.000,496.000,1811.000,16.000,417.875,226.125,29584.000,11728.000,36.000,724,1,0,1
267,417.862,226.147,17056.000,9120.000,496.000,1784.000,16.000,417.875,226.125,29031.000,11175.000,36.000,724,1,0,1
268,417.773,226.135,16241.000,8771.000,498.000,1742.000,15.000,417.767,226.100,28981.000,11053.000,36.000,724,1,0,1
269,417.903,226.012,18269.000,9735.000,502.000,1680.000,17.000,417.912,226.029,29625.000,11553.000,36.000,724,1,0,1
270,417.752,225.717,14678.000,8178.000,500.000,1576.000,13.000,417.731,225.654,28864.000,10864.000,36.000,724,1,0,1
271,417.730,225.772,15855.000,8911.000,496.000,1585.000,14.000,417.714,225.786,29386.000,11530.000,36.000,724,1,0,1
272,417.853,225.444,16496.000,9041.000,497.000,1623.000,15.000,417.767,225.367,29478.000,11586.000,36.000,724,1,0,1
273,417.886,225.443,16405.000,8995.000,494.000,1495.000,15.000,417.767,225.367,29440.000,11656.000,36.000,724,1,0,1
274,417.963,225.298,16649.000,9209.000,496.000,1531.000,15.000,417.900,225.167,29627.000,11771.000,36.000,724,1,0,1
275,417.915,225.367,17483.000,9547.000,496.000,1569.000,16.000,417.812,225.250,29736.000,11880.000,36.000,724,1,0,1
276,417.882,225.298,16335.000,8850.000,499.000,1549.000,15.000,417.767,225.100,29085.000,11121.000,36.000,724,1,0,1
277,417.912,225.413,17342.000,9438.000,494.000,1578.000,16.000,417.812,225.250,29573.000,11789.000,36.000,724,1,0,1
278,417.947,225.482,17469.000,9485.000,499.000,1652.000,16.000,417.875,225.312,29749.000,11785.000,36.000,724,1,0,1
279,417.983,225.553,18192.000,9743.000,497.000,1547.000,17.000,417.912,225.441,29739.000,11847.000,36.000,724,1,0,1
280,417.980,225.351,16812.000,9372.000,496.000,1651.000,15.000,417.900,225.167,29891.000,12035.000,36.000,724,1,0,1
281,418.046,225.482,17346.000,9426.000,495.000,1614.000,16.000,418.000,225.375,29574.000,11754.000,36.000,724,1,0,1
282,417.894,225.468,16571.000,9086.000,499.000,1559.000,15.000,417.767,225.367,29236.000,11272.000,36.000,724,1,0,1
283,417.964,225.275,16708.000,9283.000,495.000,1556.000,15.000,417.900,225.167,29862.000,12042.000,36.000,724,1,0,1
284,417.922,225.193,18742.000,9832.000,495.000,1505.000,18.000,417.833,225.111,29534.000,11714.000,36.000,724,1,0,1
285,418.035,225.187,17321.000,9385.000,496.000,1552.000,16.000,418.000,225.188,30000.000,12144.000,36.000,724,1,0,1
286,418.078,225.241,18494.000,9548.000,497.000,1452.000,18.000,418.056,225.167,29570.000,11678.000,36.000,724,1,0,1
287,417.984,225.042,17380.000,9476.000,494.000,1589.000,16.000,417.938,224.938,29586.000,11802.000,36.000,724,1,0,1
288,417.951,225.047,17953.000,9453.000,500.000,1633.000,17.000,417.912,225.029,29405.000,11405.000,36.000,724,1,0,1
289,418.021,225.263,17512.000,9656.000,491.000,1514.000,16.000,418.000,225.188,30070.000,12394.000,36.000,724,1,0,1
290,417.886,225.469,18203.000,9805.000,494.000,1645.000,17.000,417.794,225.382,29623.000,11839.000,36.000,724,1,0,1
291,417.972,225.369,18526.000,10094.000,496.000,1574.000,17.000,417.912,225.206,30367.000,12511.000,36.000,724,1,0,1
292,417.867,225.468,16702.000,9217.000,499.000,1682.000,15.000,417.767,225.367,29700.000,11736.000,36.000,724,1,0,1
293,417.818,225.362,17851.000,9931.000,495.000,1562.000,16.000,417.688,225.188,30049.000,12229.000,36.000,724,1,0,1
294,417.840,225.263,18104.000,9587.000,501.000,1527.000,17.000,417.735,225.088,29631.000,11595.000,36.000,724,1,0,1
295,417.974,225.357,16405.000,8950.000,497.000,1496.000,15.000,417.900,225.167,29469.000,11577.000,36.000,724,1,0,1
296,417.823,225.604,17213.000,9277.000,496.000,1586.000,16.000,417.750,225.500,29467.000,11611.000,36.000,724,1,0,1
297,417.880,226.080,17249.000,9281.000,498.000,1771.000,16.000,417.875,226.125,29448.000,11520.000,36.000,724,1,0,1
298,417.914,226.005,18100.000,9600.000,500.000,1630.000,17.000,417.912,226.029,29583.000,11583.000,36.000,724,1,0,1
299,417.971,225.342,16333.000,8848.000,499.000,1523.000,15.000,417.900,225.167,29422.000,11458.000,36.000,724,1,0,1
300,417.889,225.295,18531.000,10099.000,496.000,1604.000,17.000,417.794,225.147,30271.000,12415.000,36.000,724,1,0,1
301,417.977,225.352,16506.000,9066.000,496.000,1581.000,15.000,417.900,225.167,29510.000,11654.000,36.000,724,1,0,1
302,418.042,225.276,17532.000,9612.000,495.000,1533.000,16.000,418.000,225.188,29987.000,12167.000,36.000,724,1,0,1
303,417.927,225.046,18165.000,9801.000,492.000,1616.000,17.000,417.912,225.029,29699.000,11987.000,36.000,724,1,0,1
304,417.924,225.043,18220.000,9771.000,497.000,1717.000,17.000,417.912,225.029,29505.000,11613.000,36.000,724,1,0,1
305,417.872,225.139,17586.000,9650.000,496.000,1668.000,16.000,417.812,225.000,30000.000,12144.000,36.000,724,1,0,1
306,417.845,225.225,16663.000,9208.000,497.000,1547.000,15.000,417.767,225.100,29644.000,11752.000,36.000,724,1,0,1
307,417.830,225.225,16822.000,9352.000,498.000,1566.000,15.000,417.767,225.100,29860.000,11932.000,36.000,724,1,0,1
308,417.918,225.383,15800.000,8688.000,508.000,1540.000,14.000,417.857,225.286,29555.000,11267.000,36.000,724,1,0,1
309,417.820,225.220,18146.000,9561.000,505.000,1604.000,17.000,417.735,225.088,29961.000,11781.000,36.000,724,1,0,1
310,418.123,225.502,19342.000,10180.000,509.000,1641.000,18.000,418.167,225.500,30810.000,12486.000,36.000,724,1,0,1
311,418.033,225.350,20845.000,11250.000,505.000,1674.000,19.000,418.026,225.342,31564.000,13384.000,36.000,724,1,0,1
312,418.009,224.995,23702.000,12992.000,510.000,1778.000,21.000,417.976,224.786,31878.000,13518.000,36.000,724,1,0,1
313,418.143,225.044,27806.000,16191.000,505.000,2123.000,23.000,418.239,224.935,36259.000,18079.000,36.000,724,1,0,1
314,418.154,224.970,33228.000,19485.000,509.000,2350.000,27.000,418.278,224.870,37355.000,19031.000,36.000,724,1,0,1
315,418.126,224.792,35456.000,21204.000,509.000,2573.000,28.000,418.286,224.607,39006.000,20682.000,36.000,724,1,0,1
316,418.186,224.933,34824.000,21538.000,511.000,2799.000,26.000,418.423,224.808,39499.000,21103.000,36.000,724,1,0,1
317,417.868,224.814,41106.000,24408.000,506.000,2764.000,33.000,417.864,224.652,40088.000,21872.000,36.000,724,1,0,1
318,417.904,224.721,42655.000,25315.000,510.000,2901.000,34.000,417.941,224.529,41377.000,23017.000,36.000,724,1,0,1
319,417.881,224.704,42535.000,25771.000,508.000,2904.000,33.000,417.894,224.530,41615.000,23327.000,36.000,724,1,0,1
320,417.957,224.696,42735.000,25971.000,508.000,3201.000,33.000,418.015,224.500,42071.000,23783.000,36.000,724,1,0,1
321,417.937,224.671,43435.000,26737.000,506.000,3116.000,33.000,418.015,224.500,42989.000,24773.000,36.000,724,1,0,1
322,417.901,224.689,43794.000,26931.000,511.000,3032.000,33.000,417.955,224.470,43042.000,24646.000,36.000,724,1,0,1
323,417.961,224.686,44525.000,27287.000,507.000,3144.000,34.000,418.059,224.500,43246.000,24994.000,36.000,724,1,0,1
324,417.942,224.747,44463.000,27732.000,507.000,3230.000,33.000,418.015,224.530,43115.000,24863.000,36.000,724,1,0,1
325,417.859,224.895,43333.000,27077.000,508.000,3105.000,32.000,417.875,224.750,42823.000,24535.000,36.000,724,1,0,1
326,417.834,224.833,45442.000,28102.000,510.000,3271.000,34.000,417.882,224.676,43759.000,25399.000,36.000,724,1,0,1
327,417.858,224.913,44332.000,27568.000,508.000,3210.000,33.000,417.924,224.803,43019.000,24731.000,36.000,724,1,0,1
328,417.752,224.717,45219.000,27777.000,513.000,3233.000,34.000,417.735,224.471,43797.000,25329.000,36.000,724,1,0,1
329,417.892,224.817,45764.000,28390.000,511.000,3272.000,34.000,417.971,224.647,44175.000,25779.000,36.000,724,1,0,1
330,417.827,224.785,45635.000,28363.000,508.000,3213.000,34.000,417.853,224.588,44110.000,25822.000,36.000,724,1,0,1
331,417.766,224.764,46952.000,29032.000,512.000,3254.000,35.000,417.729,224.529,44384.000,25952.000,36.000,724,1,0,1
332,417.844,224.843,46837.000,29162.000,505.000,3332.000,35.000,417.871,224.671,44347.000,26167.000,36.000,724,1,0,1
333,417.857,224.696,46318.000,29012.000,509.000,3501.000,34.000,417.912,224.471,44811.000,26487.000,36.000,724,1,0,1
334,417.792,224.821,47181.000,28605.000,516.000,3331.000,36.000,417.806,224.694,44279.000,25703.000,36.000,724,1,0,1
335,417.852,224.747,46901.000,29051.000,510.000,3357.000,35.000,417.900,224.614,45059.000,26699.000,36.000,724,1,0,1
336,417.750,224.665,47857.000,29461.000,511.000,3419.000,36.000,417.694,224.500,45433.000,27037.000,36.000,724,1,0,1
337,417.750,224.741,48240.000,29808.000,512.000,3505.000,36.000,417.778,224.556,45660.000,27228.000,36.000,724,1,0,1
338,417.713,224.964,44823.000,28471.000,511.000,3768.000,32.000,417.750,224.656,43805.000,25409.000,36.000,724,1,0,1
339,417.754,225.217,44150.000,27766.000,512.000,3819.000,32.000,417.812,224.906,46193.000,27761.000,36.000,724,1,0,1
340,417.759,225.562,46665.000,29291.000,511.000,3761.000,34.000,417.824,225.382,46424.000,28028.000,36.000,724,1,0,1
341,417.809,225.386,46359.000,28985.000,511.000,3944.000,34.000,417.882,225.176,46454.000,28058.000,36.000,724,1,0,1
342,417.820,225.406,45135.000,28847.000,509.000,3992.000,32.000,417.906,225.250,46466.000,28142.000,36.000,724,1,0,1
343,417.994,225.388,44638.000,28190.000,514.000,4187.000,32.000,418.188,225.344,46122.000,27618.000,36.000,724,1,0,1
344,418.011,225.298,44055.000,28276.000,509.000,3729.000,31.000,418.210,225.468,47145.000,28821.000,36.000,724,1,0,1
345,417.689,224.814,47495.000,29575.000,512.000,3448.000,35.000,417.729,224.729,46173.000,27741.000,36.000,724,1,0,1
346,417.773,224.766,46942.000,29568.000,511.000,3673.000,34.000,417.824,224.618,46043.000,27647.000,36.000,724,1,0,1
347,417.691,224.732,48643.000,30355.000,508.000,3671.000,36.000,417.639,224.500,45797.000,27509.000,36.000,724,1,0,1
348,417.750,224.857,46021.000,29797.000,507.000,3648.000,32.000,417.750,224.719,45982.000,27730.000,36.000,724,1,0,1
349,417.735,224.691,50618.000,31124.000,513.000,3691.000,38.000,417.711,224.447,46316.000,27848.000,36.000,724,1,0,1
350,417.817,224.782,46254.000,29391.000,511.000,3690.000,33.000,417.894,224.591,45460.000,27064.000,36.000,724,1,0,1
351,417.833,224.895,46904.000,30008.000,512.000,3751.000,33.000,417.894,224.803,46092.000,27660.000,36.000,724,1,0,1
352,417.753,224.754,47632.000,30224.000,512.000,3660.000,34.000,417.706,224.529,46165.000,27733.000,36.000,724,1,0,1
353,417.864,224.829,47807.000,30535.000,508.000,3652.000,34.000,417.941,224.676,46237.000,27949.000,36.000,724,1,0,1
354,417.782,224.723,49570.000,31210.000,510.000,3823.000,36.000,417.806,224.528,46968.000,28608.000,36.000,724,1,0,1
355,417.803,224.904,46050.000,29730.000,510.000,3683.000,32.000,417.844,224.844,46182.000,27822.000,36.000,724,1,0,1
356,417.766,224.812,48222.000,30984.000,507.000,3769.000,34.000,417.765,224.647,46617.000,28365.000,36.000,724,1,0,1
357,417.856,224.935,48763.000,30913.000,510.000,4069.000,35.000,417.900,224.757,46173.000,27813.000,36.000,724,1,0,1
358,417.781,225.173,43914.000,28794.000,504.000,3941.000,30.000,417.800,224.967,47201.000,29057.000,36.000,724,1,0,1
359,417.918,225.655,44771.000,29681.000,503.000,4390.000,30.000,418.033,225.567,47194.000,29086.000,36.000,724,1,0,1
360,417.780,225.774,44301.000,29211.000,503.000,4169.000,30.000,417.800,225.600,46625.000,28517.000,36.000,724,1,0,1
361,417.759,225.441,46740.000,30676.000,502.000,4232.000,32.000,417.750,225.281,47853.000,29781.000,36.000,724,1,0,1
362,417.772,225.274,46185.000,30685.000,500.000,4026.000,31.000,417.823,225.210,48378.000,30378.000,36.000,724,1,0,1
363,417.724,225.218,49325.000,31860.000,499.000,4058.000,35.000,417.729,225.129,48672.000,30708.000,36.000,724,1,0,1
364,417.744,225.206,48820.000,31320.000,500.000,4041.000,35.000,417.757,225.129,48184.000,30184.000,36.000,724,1,0,1
365,417.899,225.114,49832.000,31832.000,500.000,3901.000,36.000,418.056,225.111,48482.000,30482.000,36.000,724,1,0,1
366,417.783,224.919,48608.000,31283.000,495.000,3845.000,35.000,417.814,224.929,46990.000,29170.000,36.000,724,1,0,1
367,417.668,224.607,43706.000,29322.000,496.000,3994.000,29.000,417.638,224.534,47413.000,29557.000,36.000,724,1,0,1
368,417.555,224.542,41932.000,28486.000,498.000,4015.000,27.000,417.426,224.315,47027.000,29099.000,36.000,724,1,0,1
369,417.620,225.150,42107.000,28526.000,503.000,3946.000,27.000,417.574,225.019,47603.000,29495.000,36.000,724,1,0,1
370,417.580,225.526,44742.000,29211.000,501.000,3919.000,31.000,417.532,225.403,46935.000,28899.000,36.000,724,1,0,1
371,417.691,225.874,44523.000,28992.000,501.000,3812.000,31.000,417.758,225.823,46078.000,28042.000,36.000,724,1,0,1
372,417.572,225.933,41255.000,27782.000,499.000,3751.000,27.000,417.537,225.870,45502.000,27538.000,36.000,724,1,0,1
373,417.783,225.488,42473.000,28473.000,500.000,4133.000,28.000,417.786,225.393,46794.000,28794.000,36.000,724,1,0,1
374,417.712,225.405,44025.000,28525.000,500.000,4001.000,31.000,417.694,225.435,46310.000,28310.000,36.000,724,1,0,1
375,417.560,225.316,43591.000,28621.000,499.000,3936.000,30.000,417.433,225.267,46847.000,28883.000,36.000,724,1,0,1
376,417.541,225.387,41987.000,28099.000,496.000,3959.000,28.000,417.429,225.393,46543.000,28687.000,36.000,724,1,0,1
377,417.517,225.426,41404.000,27488.000,497.000,3842.000,28.000,417.429,225.393,46063.000,28171.000,36.000,724,1,0,1
378,417.537,225.495,40952.000,27425.000,501.000,3903.000,27.000,417.500,225.500,46239.000,28203.000,36.000,724,1,0,1
379,417.430,225.339,40438.000,26938.000,500.000,3584.000,27.000,417.315,225.278,45716.000,27716.000,36.000,724,1,0,1
380,417.326,225.292,39711.000,26763.000,498.000,2995.000,26.000,417.269,225.346,45898.000,27970.000,36.000,724,1,0,1
381,417.264,225.161,42206.000,27735.000,499.000,3139.000,29.000,417.155,225.086,46182.000,28218.000,36.000,724,1,0,1
382,417.329,225.215,41484.000,27484.000,500.000,3295.000,28.000,417.250,225.143,46106.000,28106.000,36.000,724,1,0,1
383,417.368,225.327,41258.000,27286.000,499.000,3248.000,28.000,417.321,225.321,45831.000,27867.000,36.000,724,1,0,1
384,417.309,225.273,40509.000,27117.000,496.000,3192.000,27.000,417.204,225.204,45907.000,28051.000,36.000,724,1,0,1
385,417.147,225.254,42822.000,27822.000,500.000,3072.000,30.000,416.933,225.167,46167.000,28167.000,36.000,724,1,0,1
386,417.251,225.307,41008.000,27092.000,497.000,3085.000,28.000,417.143,225.286,45688.000,27796.000,36.000,724,1,0,1
387,417.263,225.288,40360.000,26968.000,496.000,3000.000,27.000,417.204,225.204,45722.000,27866.000,36.000,724,1,0,1
388,417.251,225.208,41869.000,27340.000,501.000,3024.000,29.000,417.155,225.086,45665.000,27629.000,36.000,724,1,0,1
389,417.267,225.279,39597.000,26178.000,497.000,2904.000,27.000,417.204,225.204,44949.000,27057.000,36.000,724,1,0,1
390,417.108,225.168,39854.000,26435.000,497.000,3296.000,27.000,417.056,225.130,45187.000,27295.000,36.000,724,1,0,1
391,417.056,225.032,41311.000,26898.000,497.000,3193.000,29.000,416.983,225.052,45078.000,27186.000,36.000,724,1,0,1
392,417.127,225.034,38757.000,25783.000,499.000,3317.000,26.000,417.115,225.077,44837.000,26873.000,36.000,724,1,0,1
393,417.061,225.137,40785.000,26430.000,495.000,3262.000,29.000,417.017,225.052,44884.000,27064.000,36.000,724,1,0,1
394,416.968,225.154,41681.000,26711.000,499.000,3515.000,30.000,416.967,225.133,44672.000,26708.000,36.000,724,1,0,1
395,416.940,225.161,39511.000,25930.000,503.000,3486.000,27.000,416.907,225.204,44741.000,26633.000,36.000,724,1,0,1
396,416.983,225.055,38668.000,25668.000,500.000,3458.000,26.000,417.000,225.000,44402.000,26402.000,36.000,724,1,0,1
397,417.012,225.005,38865.000,25311.000,502.000,3370.000,27.000,417.056,224.981,44358.000,26286.000,36.000,724,1,0,1
398,416.999,224.851,37629.000,25079.000,502.000,3776.000,25.000,417.020,224.900,43489.000,25417.000,36.000,724,1,0,1
399,416.966,224.754,35134.000,23657.000,499.000,3607.000,23.000,417.022,224.848,42893.000,24929.000,36.000,724,1,0,1
400,416.785,224.674,35858.000,23978.000,495.000,3843.000,24.000,416.708,224.583,42912.000,25092.000,36.000,724,1,0,1
401,416.913,224.891,36598.000,24198.000,496.000,3762.000,25.000,416.900,224.860,42481.000,24625.000,36.000,724,1,0,1
402,416.849,225.028,38526.000,24972.000,502.000,3524.000,27.000,416.759,224.981,43606.000,25534.000,36.000,724,1,0,1
403,416.963,225.144,38439.000,24993.000,498.000,3522.000,27.000,416.944,225.167,43495.000,25567.000,36.000,724,1,0,1
404,417.036,225.098,38214.000,24795.000,497.000,3495.000,27.000,417.056,225.130,43682.000,25790.000,36.000,724,1,0,1
405,416.911,224.738,38398.000,25006.000,496.000,3519.000,27.000,416.833,224.722,42964.000,25108.000,36.000,724,1,0,1
406,416.963,224.726,36193.000,24217.000,499.000,3691.000,24.000,416.917,224.750,43040.000,25076.000,36.000,724,1,0,1
407,416.953,224.959,36641.000,24316.000,493.000,3534.000,25.000,416.900,224.860,41638.000,23890.000,36.000,724,1,0,1
408,417.010,225.047,35094.000,23142.000,498.000,3340.000,24.000,417.000,224.958,42564.000,24636.000,36.000,724,1,0,1
409,417.039,225.040,37572.000,24153.000,497.000,3415.000,27.000,417.056,224.981,42903.000,25011.000,36.000,724,1,0,1
410,417.049,225.121,37690.000,24379.000,493.000,3407.000,27.000,417.056,225.130,42932.000,25184.000,36.000,724,1,0,1
411,417.077,225.163,36782.000,23964.000,493.000,3362.000,26.000,417.154,225.231,42849.000,25101.000,36.000,724,1,0,1
412,417.049,225.073,35085.000,23253.000,493.000,3198.000,24.000,417.042,225.042,42469.000,24721.000,36.000,724,1,0,1
413,417.085,225.080,35425.000,23000.000,497.000,3211.000,25.000,417.100,225.100,42154.000,24262.000,36.000,724,1,0,1
414,417.105,225.092,36517.000,23647.000,495.000,3284.000,26.000,417.154,225.077,42430.000,24610.000,36.000,724,1,0,1
415,416.963,225.004,37592.000,24254.000,494.000,3320.000,27.000,416.907,224.944,42671.000,24887.000,36.000,724,1,0,1
416,417.028,224.979,34761.000,22857.000,496.000,3421.000,24.000,417.000,224.958,40774.000,22918.000,36.000,724,1,0,1
417,416.963,224.950,35669.000,23269.000,496.000,3331.000,25.000,416.900,224.860,40663.000,22807.000,36.000,724,1,0,1
418,416.991,224.962,36052.000,23156.000,496.000,3207.000,26.000,416.962,224.846,40174.000,22318.000,36.000,724,1,0,1
419,417.018,225.015,34689.000,22713.000,499.000,3198.000,24.000,417.000,224.958,42014.000,24050.000,36.000,724,1,0,1
420,417.009,225.066,34492.000,22540.000,498.000,3106.000,24.000,417.000,225.042,41861.000,23933.000,36.000,724,1,0,1
421,417.077,225.097,35105.000,22630.000,499.000,3083.000,25.000,417.100,225.100,41607.000,23643.000,36.000,724,1,0,1
422,417.022,225.030,34357.000,22405.000,498.000,3384.000,24.000,417.000,224.958,41955.000,24027.000,36.000,724,1,0,1
423,417.041,225.301,33991.000,22039.000,498.000,3300.000,24.000,417.083,225.333,41349.000,23421.000,36.000,724,1,0,1
424,416.991,225.464,32567.000,21743.000,492.000,3598.000,22.000,417.000,225.455,40945.000,23233.000,36.000,724,1,0,1
425,416.879,225.464,32833.000,21701.000,506.000,3657.000,22.000,416.818,225.409,41261.000,23045.000,36.000,724,1,0,1
426,416.985,225.320,34181.000,22157.000,501.000,3289.000,24.000,416.958,225.375,41142.000,23106.000,36.000,724,1,0,1
427,417.018,225.099,33941.000,21965.000,499.000,3168.000,24.000,417.000,225.042,41315.000,23351.000,36.000,724,1,0,1
428,416.979,225.042,34503.000,22153.000,494.000,3184.000,25.000,416.900,224.940,40887.000,23103.000,36.000,724,1,0,1
429,417.086,225.103,34613.000,22138.000,499.000,3081.000,25.000,417.100,225.100,41262.000,23298.000,36.000,724,1,0,1
430,416.977,224.857,33878.000,21528.000,494.000,3097.000,25.000,416.900,224.860,39526.000,21742.000,36.000,724,1,0,1
431,417.073,224.624,31413.000,21018.000,495.000,3567.000,21.000,417.071,224.643,40761.000,22941.000,36.000,724,1,0,1
432,417.074,224.562,31460.000,20592.000,494.000,3349.000,22.000,417.136,224.636,40145.000,22361.000,36.000,724,1,0,1
433,417.023,224.737,31023.000,20089.000,497.000,3436.000,22.000,417.000,224.727,39268.000,21376.000,36.000,724,1,0,1
434,417.025,224.986,33371.000,21347.000,501.000,3107.000,24.000,417.000,224.958,39125.000,21089.000,36.000,724,1,0,1
435,416.969,224.987,33408.000,21008.000,496.000,2979.000,25.000,416.900,224.900,38638.000,20782.000,36.000,724,1,0,1
436,417.038,225.055,32767.000,20767.000,500.000,2999.000,24.000,417.000,224.958,40047.000,22047.000,36.000,724,1,0,1
437,416.911,224.920,31598.000,20190.000,496.000,2971.000,23.000,416.804,224.674,37865.000,20009.000,36.000,724,1,0,1
438,416.850,225.219,32228.000,20843.000,495.000,3205.000,23.000,416.717,225.152,40219.000,22399.000,36.000,724,1,0,1
439,416.813,225.410,30261.000,19719.000,502.000,3466.000,21.000,416.690,225.310,39634.000,21562.000,36.000,724,1,0,1
440,416.876,225.699,30782.000,19914.000,494.000,3468.000,22.000,416.909,225.773,39233.000,21449.000,36.000,724,1,0,1
441,416.683,225.968,27859.000,18359.000,500.000,2973.000,19.000,416.711,226.132,38227.000,20227.000,36.000,724,1,0,1
442,416.445,226.127,26488.000,17506.000,499.000,2671.000,18.000,416.444,226.167,37936.000,19972.000,36.000,724,1,0,1
443,416.250,226.487,27408.000,17448.000,498.000,2594.000,20.000,416.150,226.550,37383.000,19455.000,36.000,724,1,0,1
444,416.484,226.871,29023.000,18544.000,499.000,2617.000,21.000,416.500,227.024,37848.000,19884.000,36.000,724,1,0,1
445,416.525,226.758,28844.000,18407.000,497.000,2648.000,21.000,416.500,226.881,37911.000,20019.000,36.000,724,1,0,1
446,416.594,225.957,29348.000,18827.000,501.000,2811.000,21.000,416.548,225.929,37856.000,19820.000,36.000,724,1,0,1
447,416.595,225.421,28648.000,18688.000,498.000,2837.000,20.000,416.600,225.550,38700.000,20772.000,36.000,724,1,0,1
448,416.369,225.018,30511.000,19533.000,499.000,2682.000,22.000,416.227,224.909,39124.000,21160.000,36.000,724,1,0,1
449,416.352,225.088,30929.000,19452.000,499.000,2615.000,23.000,416.196,225.022,38877.000,20913.000,36.000,724,1,0,1
450,416.479,225.277,29460.000,19002.000,498.000,2548.000,21.000,416.452,225.357,38719.000,20791.000,36.000,724,1,0,1
